date,Q_cfs,00060_Mean_cd,dayl,prcp,srad_x,swe,tmax,tmin,vp,eto,gage,pr,srad_y,tmmn,tmmx,vpd
2000-10-01 00:00:00+00:00,8.0,A,41299.40734372457,0.0,366.7178233665285,1.904903593069993,19.810025564822023,3.514195301853161,702.3021840758536,4.552948990890132,10155400,0.0,199.60632447505253,4.610407977680097,17.922609871058114,0.9636361084416736
2000-10-02 00:00:00+00:00,6.9,A,41135.44891766222,0.0,367.5122475548508,1.7437098266071636,19.546444879749323,3.015509679628819,680.7875717970784,4.012660021005299,10155400,0.0,196.81651110210368,3.6610601560910254,17.701954680384404,0.8943768161807293
2000-10-03 00:00:00+00:00,6.4,A,40971.83688951734,0.0,356.1149186124896,1.6862793125644169,16.38179766545746,0.8796154359798736,606.4886919974176,2.843919503504081,10155400,0.0,176.57059725846247,1.9986157657630201,14.562469840747156,0.6720804293544865
2000-10-04 00:00:00+00:00,5.8,A,40808.60249359538,0.0,383.5372660206541,1.6094026654729352,17.45851092245485,-0.3285940184809427,537.7802766516559,3.5533899708959304,10155400,0.0,197.52125894314815,0.25834546261603464,15.124415677976856,0.8223350645127957
2000-10-05 00:00:00+00:00,5.8,A,40645.767533331375,0.0,374.8783283400783,1.5672202913489015,14.361956303898156,-2.717264470640413,465.77950596909153,3.0930050310037887,10155400,0.1745357244346402,198.6802941545496,-2.4857836463017975,11.288679405691369,0.7040485003061236
2000-10-06 00:00:00+00:00,6.4,A,40483.37147928379,0.0,397.4478515167101,1.520214447018119,16.804776018394893,-2.7438519845886,449.5608622294071,2.870437117557349,10155400,0.0,195.7410458276495,-3.7344609400141167,13.366941259061946,0.7931073165930324
2000-10-07 00:00:00+00:00,6.9,A,40321.44296671202,0.0,388.3763011283971,1.4672099003406651,16.86479118138558,-2.0437494387259947,479.2658702481449,3.3152126903603025,10155400,0.0,193.3168425238076,-2.0157538995339905,15.423942375311242,0.8751816758940776
2000-10-08 00:00:00+00:00,7.8,A,40160.01619224793,0.0,397.2035300224249,1.4119447098495714,18.29021528164009,-2.21285469173914,465.39833648867005,2.9280243656129654,10155400,0.0,190.38845892304303,-0.1463568022312529,16.658863977626936,0.9350014465057844
2000-10-09 00:00:00+00:00,11.0,A,39999.11897820233,5.861292849241267,303.9049701619668,1.3485933242574288,16.900060743016134,-0.5289748599674076,555.386095155479,3.342398311112165,10155400,0.1405670215158546,184.89273692194288,0.6473266117826597,16.19814130239382,0.8350786356523182
2000-10-10 00:00:00+00:00,12.0,A,39838.78798376719,16.53331733651534,121.160199230439,1.3065308324448968,7.264727647944361,0.716474396141406,647.8029305438891,2.107942879427243,10155400,11.298295980397915,139.74210007312553,0.5118280608952546,9.37017125064392,0.3191254809129371
2000-10-11 00:00:00+00:00,14.0,A,39679.05516006278,10.310360012237686,162.28200493335612,5.55972339449367,4.10773046394379,-4.02091393254003,463.6419916971799,1.511986333583611,10155400,12.73186170413975,141.9883694166218,-3.6543795776017873,5.4489161983200916,0.209445074514485
2000-10-12 00:00:00+00:00,8.9,A,39519.95311275748,0.0,287.8307521967476,5.556448683738611,6.549847643553386,-4.868584119135389,428.4708676095059,1.763603584580847,10155400,0.8683371274118247,175.35225773577696,-5.4271986221539805,6.579410109595813,0.3125067017978444
2000-10-13 00:00:00+00:00,8.2,A,39361.52085401283,1.9705146769186868,169.34262393479474,6.627925362155438,2.9696429293943667,-4.603381571695042,438.92599732551446,1.2802853601743966,10155400,1.2625688301162872,133.4793738680342,-6.093537272716503,3.6748164841368407,0.1638482772654999
2000-10-14 00:00:00+00:00,8.0,A,39203.79480027915,1.2730510541506326,237.57269894389336,7.045467836484935,5.527334826763779,-4.3782348151548485,449.008889028049,1.1704015642802672,10155400,2.077525175969684,113.02135578222962,-5.2036889114630185,4.46081302611492,0.1694455606200015
2000-10-15 00:00:00+00:00,8.0,A,39046.810861866514,0.0,361.3598620975405,7.038094055790345,10.249526974487706,-5.330011919405054,412.3608985077798,1.5309565568806351,10155400,1.477574966611429,159.13445809067375,-6.4269183213343695,7.522673387059001,0.3210600191202467
2000-10-16 00:00:00+00:00,7.6,A,38890.60603859316,0.0,381.6219423499854,7.0193774608236845,12.702775476763982,-5.00984801427934,421.3552400560089,1.972902309530752,10155400,0.0,175.09781881475212,-4.158243031047505,9.879200839087787,0.4879380130625944
2000-10-17 00:00:00+00:00,7.6,A,38735.21412524,0.0,390.5048617668573,6.714078886143805,16.118493567361416,-3.289228320098061,476.60981633603086,2.2010517416669555,10155400,0.0,171.75598118132098,-1.7721623120171444,13.93522304522844,0.7264387410015712
2000-10-18 00:00:00+00:00,7.0,A,38580.67996936091,0.0,371.9693956266596,6.131717933138992,16.50080532353935,-1.522504689344923,544.2615778455706,2.6690212375707527,10155400,0.0,170.95249651695374,-0.7716933095549052,14.083324616292487,0.7443903931298576
2000-10-19 00:00:00+00:00,6.6,A,38427.04566327033,0.0,353.2745054347811,5.656257060079348,15.120081385302951,-1.651569502698455,540.7974866765228,2.573136414406121,10155400,0.0,165.2508670383676,0.07052834877231362,13.188861928277902,0.7105234731825786
2000-10-20 00:00:00+00:00,6.3,A,38274.34652907116,0.0,365.0024963114897,5.184201416490913,16.223530269517138,-2.045586847797637,523.821534914805,2.4716360380836173,10155400,0.1417346792378531,165.59922968333348,-0.8511021286398659,13.501857760860048,0.7270615277157774
2000-10-21 00:00:00+00:00,7.1,A,38122.62643906654,5.51820482179297,151.9682634996592,4.780921362273137,7.318010665990609,-0.6378565675734974,590.9654707572857,1.7407877451286369,10155400,4.939410471269474,132.56276275233432,-2.904276577600058,8.278616071080364,0.3206464640157932
2000-10-22 00:00:00+00:00,6.9,A,37971.92593884901,2.916615745566348,145.8259479681949,4.415947498575562,4.959386805229526,-1.8290810165193925,536.8629522708262,1.2911213867149915,10155400,1.8445775666390405,106.3912665358195,-3.8177079726328884,6.964875519702673,0.2027816847982827
2000-10-23 00:00:00+00:00,7.1,A,37822.2941630899,0.0,242.4339505001508,3.7872175738860014,9.363531294212136,-0.7107181235521111,580.3172408075814,1.8671073676056875,10155400,0.6126722771944269,153.63609457696134,-1.0615449041594047,11.771937052403473,0.4012980423172881
2000-10-24 00:00:00+00:00,7.7,A,37673.77246541132,0.0,221.61355635777053,3.323816882562176,8.269601124142076,-0.9892333023244282,570.6679702401946,1.4027973119541657,10155400,0.2505115681369764,122.29044089026,-2.3717857207651605,7.88839662309482,0.2617587988597707
2000-10-25 00:00:00+00:00,7.4,A,37526.40114695662,0.0,272.1279215255469,3.0737847590677534,9.53677541843512,-2.2252920816141746,521.9662301759042,1.3943485678386378,10155400,0.9286832850947908,128.41081127323193,-2.5591827376763945,7.870421460826321,0.2500523283490396
2000-10-26 00:00:00+00:00,6.6,A,37380.22909272057,0.0407917732624155,179.68252781909356,2.61411339577268,6.593597586150517,-0.8957625714842253,573.4795163194835,1.6451175012165913,10155400,0.0,126.14847231485186,-3.4187353484463756,8.707286352856443,0.3012909494125475
2000-10-27 00:00:00+00:00,11.0,A,37235.31078736357,5.364973513902935,118.26147545374096,2.114229266413488,6.41210277412087,0.3604351412838149,628.4921788128206,1.553723534229252,10155400,1.274622615830445,121.344815302632,-0.8992958477055595,8.315835358734262,0.2972695853430686
2000-10-28 00:00:00+00:00,16.0,A,37091.68208611681,1.346452793211581,176.7477754060905,1.909189801090791,6.515309650054221,-1.1937612408685216,563.5594797556521,0.9335117944799446,10155400,3.720559517433198,73.33099116404192,-2.891022387037708,4.876196654512398,0.1450651587404843
2000-10-29 00:00:00+00:00,16.0,A,36949.40343167388,2.5121453896136505,145.40701350026868,1.742268392276218,5.181373646702975,-1.2353012799815402,560.2351290336304,1.3644359999822306,10155400,1.124615150152233,116.29459867918078,-3.954258583597152,6.584144175606809,0.2157799250123145
2000-10-30 00:00:00+00:00,20.0,A,36808.518375363565,13.307726826382986,118.52252461145214,1.716726783321035,3.823471306738608,-2.117323776802756,527.7910742969278,1.1521200428835177,10155400,8.72946254549812,113.77943621184517,-3.6726174729948866,4.777591804104816,0.1729571504483387
2000-10-31 00:00:00+00:00,22.0,A,36669.07075909217,10.218843410881435,89.24641587241143,1.866094963546147,1.3806054617044157,-2.740660575550144,502.89577875756805,0.9714679217043484,10155400,17.229789602939665,109.84244214980583,-3.6530269876219563,4.255705309695941,0.1445160089638353
2000-11-01 00:00:00+00:00,19.0,A,36531.12339652275,6.145576892430939,142.92545614944927,6.001003391381558,-0.012325612387626,-6.342577545711512,387.9978641047924,1.0731531522561049,10155400,3.3886276630612757,117.43044016790456,-9.087601497518506,1.4299813944430753,0.1540562499099987
2000-11-02 00:00:00+00:00,17.0,A,36394.72368579087,0.4609198982410027,324.47104596747243,6.454290136546196,1.245576471009829,-12.53318428868876,241.108341725995,1.077184287031974,10155400,4.743303953121536,150.95403432874537,-11.44953613560915,0.45698234440368424,0.2096254621593956
2000-11-03 00:00:00+00:00,16.0,A,36259.92550271164,0.5263939779327031,352.1995584651958,6.980681547356369,4.420004171081558,-13.809239546340276,214.68140117018467,1.1464348939673383,10155400,0.1547205455790964,154.3071285854951,-11.9138299005931,2.2895374910196438,0.2983111489953207
2000-11-04 00:00:00+00:00,16.0,A,36126.77546898372,2.9614505859001468,320.99713402839905,9.942360807198254,8.466452454672343,-11.31127415762362,259.4329652588033,1.3887268074995938,10155400,0.9553395084852866,151.4934670552201,-9.679900497351127,4.518276277284713,0.3270925598235344
2000-11-05 00:00:00+00:00,18.0,A,35995.33656141725,1.973026952418012,192.1975780529795,11.485343530891504,-1.112184320952694,-8.401090613288208,330.7779968453587,1.0871047403099217,10155400,2.8406549810186963,111.88376210144132,-9.87958848092859,-0.06650962870168087,0.162114648295955
2000-11-06 00:00:00+00:00,19.0,A,35865.66040692524,2.641595901598833,266.4767962738882,14.127046477890424,-1.3184866980161043,-13.394176332304866,228.9356292278386,0.7234060673141192,10155400,5.498434635976979,95.85639443866133,-13.435173368698315,-2.5511358931522636,0.1229306062756117
2000-11-07 00:00:00+00:00,18.0,A,35737.802423285524,0.0020236428356358,339.51052815647074,14.129070120500687,-1.6162017875709995,-15.64887915352382,185.66367778433204,0.8684397520293234,10155400,1.054183809356528,145.5645980655266,-17.633569341697182,-2.702512293104917,0.1563044101815884
2000-11-08 00:00:00+00:00,18.0,A,35611.8150385487,8.632485425811687,286.4403197232719,22.76144472119687,1.9547703170253048,-14.69415558963195,196.83164397906845,0.9468650241913836,10155400,1.9606824230022464,117.86611212072124,-15.372673677134856,-0.5800569324362641,0.1661162633785846
2000-11-09 00:00:00+00:00,19.0,A,35487.757217654,8.108288202313016,192.77334859959453,30.72036859946305,-0.9674176968102244,-9.841729800573612,293.9627301142433,0.5569532856417596,10155400,9.916911977378769,66.80405902477303,-11.875140689812099,-2.4362315268797374,0.0838009065474415
2000-11-10 00:00:00+00:00,19.0,A,35365.68987124688,4.146843003235728,260.50353266516527,34.827018630250855,-2.5253534501047694,-16.42368207567096,182.23114380673923,0.590188255615139,10155400,7.853686771055164,83.12452798912642,-14.39856382730244,-3.062599807033962,0.105556679110618
2000-11-11 00:00:00+00:00,19.0,A,35245.66120876556,1.146571242625443,301.65000083229955,35.97394154568487,-3.859687083587272,-18.994032386135338,139.3693922494457,0.6558438623287883,10155400,0.2945949138137439,131.3535146422604,-18.898918149916256,-5.448592959520056,0.1188169091278794
2000-11-12 00:00:00+00:00,19.0,A,35127.739083657456,1.146563011169434,264.03726946156826,37.12035895333633,-7.280634864367561,-18.335892774689867,146.63342257721058,0.5936129190277122,10155400,1.3033801712598745,100.58695560252684,-19.742089202523175,-7.087326444202461,0.0897784904255116
2000-11-13 00:00:00+00:00,19.0,A,35011.981378935765,1.7357203091668914,291.1527110655926,38.85603052839816,-3.264478076955831,-19.471410111596768,133.0640303375003,0.715007474221387,10155400,0.1264201955762554,138.4378353105808,-19.08941076375953,-4.4525856191892785,0.1333485889855342
2000-11-14 00:00:00+00:00,19.0,A,34898.43615373848,3.639881915918549,221.47462804108795,42.49590951988142,-3.2420707775798827,-13.489134185232864,219.474355537198,0.7768188044154337,10155400,1.5868192231652634,80.92283136302981,-14.426879293488184,-2.3732126291067743,0.1380059688798129
2000-11-15 00:00:00+00:00,19.0,A,34787.16927191619,2.6400695959426472,254.2444600843432,45.13607462537395,-4.693624564089206,-15.423239883171602,190.0686457859304,0.5969088829107743,10155400,4.364890557480234,69.56559589563956,-15.87811828102565,-5.694137791489936,0.0895945791321663
2000-11-16 00:00:00+00:00,19.0,A,34678.2331504792,0.0,328.89305861228286,45.13607462537395,-4.199193090372821,-18.5304819435692,143.81870897759043,0.6575105543998971,10155400,0.2814028312047043,126.26876076870292,-19.06151373714775,-5.885380648408102,0.1185193675522595
2000-11-17 00:00:00+00:00,18.0,A,34571.69019641894,0.0,291.8327148630085,45.13607462537395,-6.884848013284171,-18.57309562294175,141.76610244027583,0.6796045825993949,10155400,0.1676679381285147,128.94277566160218,-19.350775560208064,-6.70809811304315,0.1141130449556492
2000-11-18 00:00:00+00:00,17.0,A,34467.597875751875,0.0,341.2885752845165,45.13607462537395,-1.2049740008247114,-17.599026504329878,153.4767169778326,1.0578414825981886,10155400,0.0,129.05739791789134,-18.643832554117864,-1.4975411697779464,0.2071178458447956
2000-11-19 00:00:00+00:00,17.0,A,34366.01647646372,0.0,334.3818955096707,45.13607462537395,2.7976105567034444,-13.422093931588927,217.5219912169414,1.2434131099021488,10155400,0.0,128.29385000949327,-12.321405231547772,0.8026020063384749,0.2602191442417211
2000-11-20 00:00:00+00:00,17.0,A,34266.999013215354,0.0,336.1133441756037,45.13607462537395,5.600200306163196,-11.591362194140258,251.88553825084236,1.216276315007314,10155400,0.0,115.5925933399765,-10.367939408905954,3.339045904107877,0.3685896001686248
2000-11-21 00:00:00+00:00,18.0,A,34170.607627621044,0.0,323.30620363742275,45.13607462537395,6.413481996544016,-9.729851357330675,292.3907135272185,1.42347439872575,10155400,0.0,126.4550197353104,-7.1513246819874325,5.21097683305328,0.4479473455291239
2000-11-22 00:00:00+00:00,18.0,A,34076.89323459956,0.0,300.33240670849864,45.13607462537395,5.80379451112309,-8.147707081738924,330.8175751981335,1.366390156459675,10155400,0.0013050479364717,113.39451487202273,-5.2733460504719005,5.3322293218013215,0.4393335300794417
2000-11-23 00:00:00+00:00,19.0,A,33985.914888541745,0.0,308.15432612367533,45.13607462537395,4.808225606330117,-10.356196568538031,278.03786458598256,1.1705366161705275,10155400,0.0,124.0231772940044,-8.118652584386723,3.145862778055289,0.3669947397532614
2000-11-24 00:00:00+00:00,18.0,A,33897.73009126687,0.0303915712031885,286.0296538250842,45.16644728070098,1.4320891475140407,-11.739639296310155,249.0469746142991,1.090879482212839,10155400,0.1822839378400594,92.75773469895265,-12.866039061899414,0.8876375027710424,0.230626291403374
2000-11-25 00:00:00+00:00,18.0,A,33812.389054268075,0.0,321.0143300586359,45.16644728070098,3.5718077859790336,-14.207707306587878,203.7200597402307,0.9809326216235078,10155400,0.0,106.84528159258537,-14.12831114362666,0.39810495619485664,0.2607972860129202
2000-11-26 00:00:00+00:00,18.0,A,33729.95031450269,0.0,211.88404615742823,45.16449563541551,2.4331628921719823,-6.906663429380429,364.3830507576695,0.9049291264571208,10155400,0.0,94.07615856268843,-9.786762169553128,0.882801859073254,0.1873288561927495
2000-11-27 00:00:00+00:00,19.0,A,33650.46056673604,0.0,145.09744286855658,44.51059169400029,1.484575220299984,-4.467263001337501,439.5026595636452,0.9595441936052476,10155400,0.0239603867685567,66.50769871528212,-7.846081875126231,1.5660420250831635,0.1645475728803662
2000-11-28 00:00:00+00:00,20.0,A,33573.976238517665,0.0,217.79576968182508,44.21405354579275,2.418709243493062,-7.1599154853931255,363.8571621376272,0.9352690815662904,10155400,0.0,113.74950671001108,-8.350500892416903,0.7767952535171503,0.1953886321677675
2000-11-29 00:00:00+00:00,21.0,A,33500.54682135743,0.9458822073608542,256.5765762897742,45.15998818054315,5.866861138777221,-8.007699025806017,335.01907412188723,1.5160334655724876,10155400,3.1708900898101198,110.14361958731293,-7.738610366959392,5.931835893820676,0.3130149523093119
2000-11-30 00:00:00+00:00,22.0,A,33430.21854143988,0.0,265.0963128447356,45.15652371329303,0.4979748037631465,-12.731291542465526,238.8598152752968,1.1776960258609888,10155400,0.2772318999779306,116.32297595751588,-10.522844901570977,1.898070610698312,0.2401682411692367
2000-12-01 00:00:00+00:00,19.0,A,33363.0412025388,0.0,302.4672114237805,45.15652371329303,4.145419926749464,-13.861826804029914,211.41455616953644,1.2413968695817403,10155400,0.015198409188786,113.09581462772864,-10.586253355360725,3.777024239208515,0.4051154441783194
2000-12-02 00:00:00+00:00,19.0,A,33299.05938678137,0.0,279.324077005118,45.15652371329303,5.827675241854066,-9.673106332558252,293.87054678588976,1.213965430174056,10155400,0.0,111.77875196187856,-6.887892604794615,5.152375941982541,0.4551503325329464
2000-12-03 00:00:00+00:00,19.0,A,33238.31805454239,0.0,273.9287214575997,45.15652371329303,6.472983251490617,-8.592832501132994,319.4916196905418,1.1636105443762983,10155400,0.0,113.12012224868278,-7.594894986685347,3.8733220312563503,0.3465041815626615
2000-12-04 00:00:00+00:00,19.0,A,33180.85707644984,0.0,275.1807321341248,45.15652371329303,7.351544569663476,-7.8588994321006655,338.33210141819467,1.113108998877757,10155400,0.0,111.47022160044438,-7.273818654065394,3.986353147812963,0.3753735188611899
2000-12-05 00:00:00+00:00,18.0,A,33126.7278358798,0.0,243.79476662252355,45.15652371329303,4.884657040332698,-7.8495171738471825,338.55289571258,1.0984263661363804,10155400,0.0,108.902678878705,-8.627415618579448,2.5053870367132163,0.2534298726752406
2000-12-06 00:00:00+00:00,18.0,A,33075.95623667746,0.0,275.356911852855,45.15652371329303,6.495246252574962,-9.078716789175704,307.5217452081422,0.9600845005684676,10155400,0.0,109.21238909918009,-9.242582110823946,3.4834076036434,0.3088921981259154
2000-12-07 00:00:00+00:00,17.0,A,33028.584493421804,0.0,260.3258623417593,45.15652371329303,5.689499037161547,-8.460774297393327,323.1294270565918,1.0545220486669658,10155400,0.0,109.36611833478396,-8.099508614939452,3.1842786539696135,0.3098434186998856
2000-12-08 00:00:00+00:00,17.0,A,32984.64516252144,0.0,236.4386074619652,45.15652371329303,3.570110152264688,-8.531404781396935,321.47867911313665,0.9337870408502262,10155400,0.0,95.67413126818488,-8.727663799094898,2.762780576513535,0.2308818087114015
2000-12-09 00:00:00+00:00,17.0,A,32944.17021149382,0.0014001726158871,194.95940070134304,45.157923886131655,1.6270238731218127,-7.859958884071812,339.2950377385332,0.8349286427861664,10155400,1.3135335646490365,84.51854284916466,-8.432377206118701,0.9608146889000295,0.1479766984863835
2000-12-10 00:00:00+00:00,21.0,A,32907.19608253819,13.432139935560985,163.09811423402493,58.507142844927984,-1.3395851487331822,-11.793579810110154,256.1544536260509,0.6562927446044086,10155400,14.287652822859018,92.2230972795832,-10.974368332858546,-0.4659426923978458,0.0983178801378682
2000-12-11 00:00:00+00:00,19.0,A,32873.742077767514,4.697046601790308,155.1677557267299,63.204161738661696,-5.605466999752684,-14.904941721007022,194.73816438648544,0.5228832912304547,10155400,3.826960188794829,104.50975107252438,-17.62069223997358,-7.031058833359964,0.0900846278268332
2000-12-12 00:00:00+00:00,19.0,A,32843.83631077283,3.5613726250229742,164.25842524544407,66.76543843328149,-1.655776236503954,-11.126534884790985,263.7228449038128,0.5752117530737234,10155400,4.178040974883825,92.74883255650836,-13.107412604818023,-1.2632453151611003,0.1299663625981742
2000-12-13 00:00:00+00:00,19.0,A,32817.50338834802,3.3234560707579424,122.34647280064802,69.99897355180859,-2.984686059866528,-9.32322779219405,304.46931395085693,0.6576729279653254,10155400,3.518241010946975,82.03319241743019,-11.475238990534763,-3.8273077041643546,0.102062551151162
2000-12-14 00:00:00+00:00,19.0,A,32794.76203846034,10.842349453516936,84.59296870644712,77.67470371683451,-2.2324842928654456,-6.978707451088264,364.123040590925,0.7620612165070488,10155400,12.973090284527744,65.28612483488027,-9.59442642484646,-1.1030499335261652,0.1131863760042299
2000-12-15 00:00:00+00:00,19.0,A,32775.62244773552,16.159172689866033,123.64799063797092,92.19796627226972,-3.7438986629803472,-10.60403758921486,284.08312587048704,0.8376661355753434,10155400,17.36140448283069,81.59482580527921,-10.803497870168655,-2.1954613579846978,0.1118663366936885
2000-12-16 00:00:00+00:00,18.0,A,32760.11520784036,3.314363895419202,199.68017289688927,95.51278641603837,-2.6794496615849077,-13.793634989388652,213.0472878057972,0.939730145940856,10155400,0.9996295959727391,102.88987302877068,-14.865932419967066,-2.4485224711742717,0.1678443445745667
2000-12-17 00:00:00+00:00,18.0,A,32748.235435597115,4.058375777964204,207.5190303437965,99.571292215912,-2.497391193535027,-15.019227121624722,191.35252484578305,0.955236979222116,10155400,2.9711021707209584,58.72015581744444,-13.145438740742293,-2.467227253368776,0.1414561038169924
2000-12-18 00:00:00+00:00,18.0,A,32740.001244573607,0.3489719250455996,246.48850637188968,99.92009867022846,-4.039543446569331,-15.912087542296604,177.1253824938355,0.7415330664342416,10155400,1.0025263131351478,108.03877653065382,-16.815356291784724,-4.253547212227431,0.154614775171736
2000-12-19 00:00:00+00:00,14.0,A,32735.4138638214,2.465445108282715,268.5572122464648,102.38544035638358,1.581403911114767,-14.514393613887776,198.78934740261477,1.3865984641136435,10155400,0.0,101.40416170935865,-12.596184839638,1.7800637156478842,0.2898040243189928
2000-12-20 00:00:00+00:00,11.0,A,32734.485715836832,0.0,192.76299820013335,102.38544035638358,-2.559493906548206,-10.58676920288711,275.2348713886865,0.7623922162682396,10155400,0.0,104.68337672979568,-12.985221926639156,-3.109007781936384,0.13353004378864
2000-12-21 00:00:00+00:00,12.0,A,32737.21114371145,0.0,234.22956205513188,102.38544035638358,1.7763753401059164,-8.638908199808563,318.5532602609602,0.7720286721395285,10155400,0.1127569158079216,73.71898625562861,-12.494937891638983,1.0695636198969964,0.1533899812976382
2000-12-22 00:00:00+00:00,12.0,A,32743.58820011169,0.0,248.8513718011716,102.38544035638358,1.2161799616844586,-10.182967739715,282.1918006154073,1.000277488905347,10155400,0.2095278381946299,95.56746777271276,-7.872455636329505,1.0229384748170673,0.1843668565893481
2000-12-23 00:00:00+00:00,11.0,A,32753.61307803443,0.030469654948778,292.37293342983713,102.4159369218192,2.195776252277064,-12.627112594380757,232.74015091318347,0.8065882259722443,10155400,0.0,102.67227245515396,-11.005770610065326,0.7718192667135213,0.2215673852216775
2000-12-24 00:00:00+00:00,11.0,A,32767.28014269519,4.415968588804993,171.81379733801464,106.83197587287076,-0.4070060567520612,-9.933005061451356,288.14552675911625,0.765650071376063,10155400,3.7685675748474696,87.83605926294936,-9.787714624546823,0.3469009306612634,0.1665410328085869
2000-12-25 00:00:00+00:00,12.0,A,32784.57291859815,0.0,252.3656296999349,106.83127984636413,-2.411482394116035,-13.330565605435757,226.9537700962325,0.6752458778632368,10155400,2.1798856344753403,105.03045252889612,-12.579139567988705,-2.2755947524091766,0.1365285960992715
2000-12-26 00:00:00+00:00,11.0,A,32805.48399911958,2.410751010451245,266.8457777628891,109.24219173459272,1.3675464546260894,-15.541973767853792,182.3989008250913,0.9398956998342188,10155400,0.0345749859779483,106.37752569783636,-13.162133944404331,1.5987938332372096,0.2700885027117072
2000-12-27 00:00:00+00:00,12.0,A,32829.9896424355,0.0,294.5882551270023,109.24219173459272,4.693919213931724,-10.318880612603303,279.01926526029,0.9508759514214978,10155400,0.0,105.51893295588636,-9.00805781001776,3.058658421543896,0.2901341801836891
2000-12-28 00:00:00+00:00,12.0,A,32858.0787817612,0.0,281.5091361447544,109.24219173459272,2.772071206658597,-10.88059126995751,266.70648570704844,0.9072468937718782,10155400,0.0,107.0845084221056,-10.45575797612645,0.6521205036061133,0.2329508294266874
2000-12-29 00:00:00+00:00,12.0,A,32889.73431534709,0.0,294.77274764849903,109.24219173459272,2.891389980229534,-12.125355013605263,241.4580518269084,1.0513639987383765,10155400,0.0,106.02591593071362,-10.67168090047278,1.0733204405158858,0.2909324543499943
2000-12-30 00:00:00+00:00,11.0,A,32924.92009889494,0.0,274.3861665082491,109.24219173459272,3.31665998042714,-9.71864115660738,292.6456936646896,1.0078782213184128,10155400,0.0,101.58497587999528,-8.750412096120442,1.6239037380673835,0.2475873603685407
2000-12-31 00:00:00+00:00,11.0,A,,,,,,,,0.5984171281258537,10155400,0.0,109.06136774917825,-10.168812737859184,-2.9540800661103503,0.1646358945974497
2001-01-01 00:00:00+00:00,11.0,A,32963.79372412921,0.0,270.82866489845725,122.11068237523575,1.4578194153365576,-12.093159644032692,241.92444126561563,0.9066018137314956,10155400,0.0,109.64598232902908,-12.680360391731995,-0.23785064943803036,0.2005579120936373
2001-01-02 00:00:00+00:00,11.0,A,33005.99074266971,0.0,303.8166709610064,122.11068237523575,2.827687216505356,-13.809194566483834,210.43955444922116,0.9838051148774192,10155400,0.0,112.34140582816124,-13.625379046527883,1.02681546731975,0.2828976277775927
2001-01-03 00:00:00+00:00,10.0,"A, e",33051.63711751878,0.0,296.15009019698533,122.11068237523575,5.814326398048651,-10.064832131782898,284.76572466103744,1.192851925205233,10155400,0.0,110.17285455016186,-9.769044052481775,3.2012098222604664,0.3861317208507058
2001-01-04 00:00:00+00:00,11.0,"A, e",33100.69884540319,0.0,291.19814769959663,122.11068237523575,6.944303649828932,-8.432561433707377,324.24193044910135,1.367035446699162,10155400,0.0,111.20664423268155,-7.3182389972693045,4.2084530930142705,0.427426220360568
2001-01-05 00:00:00+00:00,12.0,"A, e",33153.14051954561,0.0,297.15638413897653,122.1103001820351,8.641408126152944,-7.24389099152027,355.2291970607964,1.2957468056408803,10155400,0.6111199735784958,112.12652391641522,-6.465278835571269,4.995349120328285,0.4259375027529765
2001-01-06 00:00:00+00:00,13.0,"A, e",33208.92429103124,0.0,298.17755748936094,122.1103001820351,5.981100114472727,-9.687409497412174,293.2019270758693,1.3045793560016932,10155400,0.0,114.03592959599384,-9.614342876526393,3.248086536016274,0.351119429124023
2001-01-07 00:00:00+00:00,14.0,"A, e",33268.01649363156,0.0,320.63164208526865,122.1103001820351,2.926026256131371,-15.053609555421197,190.0251896016468,1.202930883930002,10155400,0.0,118.6950948864101,-13.61153613103204,1.3737164074360066,0.3277441660094435
2001-01-08 00:00:00+00:00,14.0,"A, e",33330.36720087058,0.1682271161018401,299.7257401491799,122.278517472897,3.5723985534131866,-12.10208324187488,242.49660268027583,1.4190622439570086,10155400,0.0,112.69865669822988,-9.743854427675956,3.5550837561308413,0.3871496601614096
2001-01-09 00:00:00+00:00,15.0,"A, e",33395.9375733193,0.0,271.56070543299023,122.278517472897,4.297271788839272,-8.74084114156283,316.6495619002875,1.0512783679353743,10155400,0.4114487312341019,108.37480715129036,-9.05773706904165,3.0416943131924086,0.2810486579010792
2001-01-10 00:00:00+00:00,15.0,"A, e",33464.681878851254,1.5630394761722295,246.28517633351447,123.84150723516484,1.616445902635989,-10.569314615106778,279.362191225963,0.740190114606927,10155400,2.233562635445712,109.09065642987956,-10.466452992460404,-0.019141084167529243,0.1357736405122288
2001-01-11 00:00:00+00:00,15.0,"A, e",33536.55536840715,6.070910480978578,153.35450485613387,129.91252911993556,-1.3070512029340686,-10.244087809620922,281.7936565392684,0.9511343758440104,10155400,3.228901521352017,90.9679454143842,-10.719527149716896,1.2884585006138423,0.1591266427654623
2001-01-12 00:00:00+00:00,14.0,"A, e",33611.50537559604,4.595609386436499,131.83096054114296,133.81701747221754,-1.9885206535953468,-8.586256271412228,326.4154255381518,0.5874113588215476,10155400,8.386038891357794,103.23155144351168,-12.23677012572034,-0.7202118986439814,0.1020116074347828
2001-01-13 00:00:00+00:00,14.0,"A, e",33689.48334770907,1.9114142180035103,188.8067206631072,135.72858748344376,-3.582462896489703,-12.457927150525872,243.32073025983053,0.6588608080250826,10155400,1.6804628304943845,98.12519103517673,-15.474408982773525,-4.230320170938455,0.1080736505445301
2001-01-14 00:00:00+00:00,14.0,"A, e",33770.443369167115,0.9704076492530124,246.5808580694765,136.69889945491036,-2.577364031499075,-14.00260770458955,209.24582715714175,0.568844382625292,10155400,2.0467956861205674,76.3403889338713,-14.843715210217113,-4.022378306077144,0.1078742931629685
2001-01-15 00:00:00+00:00,14.0,"A, e",33854.32895661436,0.8466033107143628,250.9417485436965,137.54541953882602,-3.657364583041693,-15.356913194949552,190.2557307759391,0.6033427482582948,10155400,2.288395014146665,106.98078123083368,-15.261298851606057,-4.048099632351807,0.1232906777770165
2001-01-16 00:00:00+00:00,12.0,"A, e",33941.08270886533,0.0,301.9248161395077,137.54541953882602,-5.599365821436717,-19.239579533619164,136.18001226068998,0.6800157545915723,10155400,0.0,123.2413192112058,-17.936374037748976,-4.738965060882549,0.1345271729535264
2001-01-17 00:00:00+00:00,12.0,"A, e",34030.6608952874,0.0,332.51147842913485,137.54541953882602,-5.09978997388631,-21.255565526232115,112.00095245875,0.728978418789683,10155400,0.0,123.15164288857687,-19.775234502146787,-5.698815771149555,0.1445668158777626
2001-01-18 00:00:00+00:00,13.0,"A, e",34122.99990749699,0.0,320.81298518990025,137.54541953882602,-2.76450429962575,-17.63526487057218,152.9672361940685,0.7005736155570316,10155400,0.0,124.18616059179254,-17.401748670793097,-3.8442814551393667,0.1354317010188978
2001-01-19 00:00:00+00:00,13.0,"A, e",34218.04868230308,0.0073187843882058,314.2289611236855,137.5527355145469,0.7203933525309146,-13.5030153931788,215.83526734247653,0.728463413440623,10155400,0.0,115.7787712653275,-15.364132450241925,-1.1069138942139602,0.1583718051761646
2001-01-20 00:00:00+00:00,13.0,"A, e",34315.75044764629,0.8823337386700253,276.706156615664,138.4353147769311,-1.6845260132161382,-13.937038858705677,212.710895124912,0.7920142646537645,10155400,1.0681994629126297,128.03303350065977,-14.884837221797284,-3.519429665122175,0.1337959507418013
2001-01-21 00:00:00+00:00,13.0,"A, e",34416.044956879494,0.0,368.1465687283424,138.4353147769311,4.9856035002657455,-15.06283521789852,190.0147496023617,1.1863965037262685,10155400,0.0,131.2955377603381,-13.856458269773896,2.7089159588348934,0.3621958412965153
2001-01-22 00:00:00+00:00,14.0,"A, e",34518.87703205701,0.0,316.57614329501735,138.4353147769311,4.746741584476582,-9.207785444379942,304.80853429018435,1.0711767538683228,10155400,0.0,87.47727892108315,-9.28748706919356,3.2855169384396845,0.3407953188670807
2001-01-23 00:00:00+00:00,14.0,"A, e",34624.18969387867,0.0,324.2137947655914,138.4353147769311,4.40201376502732,-9.987556245557366,287.849246462377,0.8437804070074141,10155400,0.0,86.43362947870956,-9.312547310361253,1.3107038936001345,0.2291600302365619
2001-01-24 00:00:00+00:00,13.0,"A, e",34731.92689114996,0.0,301.132787328689,138.4353147769311,1.0248394835413526,-11.71951550166828,249.7216202215442,1.2213042792297997,10155400,0.0,124.32144422941396,-10.075441458355044,1.1924499834987046,0.2309668569146104
2001-01-25 00:00:00+00:00,13.0,"A, e",34842.02576444335,6.242541663937483,228.0002494762972,144.67808671979682,-1.8587092115752235,-14.046156879651116,214.15481300203064,0.7441276641038631,10155400,4.655005032559567,96.07764531125002,-11.942249764775056,-2.0627634390549474,0.1070485661362346
2001-01-26 00:00:00+00:00,13.0,"A, e",34954.4300267885,0.0,328.22075373225687,144.67808671979682,-1.6158540025459276,-15.31499579225794,187.0065944357673,0.9015734597472188,10155400,0.3684127013734014,120.82892844378055,-15.05876088978357,-1.2739512029381785,0.1689700481182134
2001-01-27 00:00:00+00:00,13.0,"A, e",35069.077669185834,0.0,288.9978031513869,144.67808671979682,-1.653792358607464,-12.774671137839428,229.25871063788816,0.905896735481938,10155400,1.338668579235212,122.4173936247742,-12.758489264794662,-0.69983783110996,0.1663226052756443
2001-01-28 00:00:00+00:00,13.0,"A, e",35185.919791809254,0.0,286.86933262945263,144.67808671979682,-2.1537656471878743,-13.038482506958776,224.7010082148861,0.7395131534872461,10155400,0.0156398685682981,118.2845308297643,-13.465427199198245,-2.4678646322084887,0.1203867041701215
2001-01-29 00:00:00+00:00,13.0,"A, e",35304.89268043861,0.6579156639657303,320.30156189425605,145.3359418241812,-1.338670808357129,-15.29778695171556,186.6949201384552,1.1837550615550514,10155400,1.1691347442742877,142.6205637515831,-14.886401840204542,-2.3932827292377397,0.1869776416944507
2001-01-30 00:00:00+00:00,13.0,"A, e",35425.937255224,0.2572771399914266,277.12627417839246,145.59319159223747,-6.499134599616124,-16.82321609593529,171.21226492255556,0.6079538422191467,10155400,1.2845156443603756,133.79141120593735,-19.863913032366128,-6.754205688980676,0.0778994383103273
2001-01-31 00:00:00+00:00,13.0,"A, e",35548.99753598504,0.0,355.8080982963759,145.59319159223747,-4.351905479336638,-19.18972218483348,133.95760944890145,0.8466202845234971,10155400,0.3527993063450372,136.20368837520675,-18.769616641406685,-3.892775157281733,0.1539200439724541
2001-02-01 00:00:00+00:00,13.0,"A, e",35674.01539541313,1.7750697926694528,317.57996095805714,147.36817367240022,-0.8123334368509778,-14.215932111756402,204.0070842607656,0.9278031515263372,10155400,0.6882472522614533,146.3313957028542,-16.39011574739692,-0.5325941430173202,0.1732042320675789
2001-02-02 00:00:00+00:00,13.0,"A, e",35800.94049216832,1.9786172173508525,318.9446140654646,149.34685911525472,4.365733887958429,-9.730211104545486,292.55845904358523,1.34044466085502,10155400,0.0419058200224594,120.6744867804248,-10.552964449050535,2.9051470642208415,0.2472634174868029
2001-02-03 00:00:00+00:00,14.0,"A, e",35929.71011838702,1.1401024787128966,153.69526318369066,148.7972130560035,1.0700729239454148,-4.243901618100078,447.0284027662444,1.1485209054616357,10155400,1.5576524329430237,114.50305898361243,-7.2781696981781465,2.0456857659146976,0.1844796037332379
2001-02-04 00:00:00+00:00,14.0,"A, e",36060.26462322356,0.0,287.6001876502584,148.17729914064608,4.937927004501919,-4.796876889201956,431.2633124390738,1.2571223459394594,10155400,0.5750343728448555,136.4969372012201,-8.068868049431387,4.286368010140109,0.2295368249772677
2001-02-05 00:00:00+00:00,15.0,"A, e",36192.56074581556,0.0,362.0972790314688,148.0967070884749,6.3733937448271964,-7.211265743180887,357.577310394843,1.430686949701599,10155400,0.0,151.93469266942608,-6.92568950253883,4.070235523844929,0.2455179195766048
2001-02-06 00:00:00+00:00,14.0,"A, e",36326.52826688718,0.1581761265707624,363.1524914014112,148.2549526757855,4.840710931805946,-8.500876248603445,322.0971014853245,1.443078904732945,10155400,0.6205135403011153,140.26637054219808,-8.787580325063402,4.704422865151059,0.2688007098424426
2001-02-07 00:00:00+00:00,15.0,"A, e",36462.12837334388,0.5643433034265286,331.43392138788704,148.6659295416524,-0.4164693021540068,-11.508901782987117,263.78929469057675,1.00150769329345,10155400,7.353516459339791,131.4627253197235,-10.125159210367087,1.52736463930421,0.1643843637226702
2001-02-08 00:00:00+00:00,15.0,"A, e",36599.30372585992,0.0,403.7499274599566,148.6659295416524,-5.849773612062303,-20.92211191442969,117.3415823898884,0.8123560054651625,10155400,0.1067143196721988,165.52282882783575,-21.03458590612655,-5.3554837928386405,0.1225381694833299
2001-02-09 00:00:00+00:00,15.0,"A, e",36738.00291710441,0.0,449.9040316760663,148.6659295416524,-1.71797469919907,-22.335490113735123,102.4806931002444,0.9953082128221896,10155400,0.0,144.64880820898068,-21.51383076572742,-3.44429695631311,0.166496638743528
2001-02-10 00:00:00+00:00,14.0,"A, e",36878.165195535,0.6313904238379205,365.5396732118662,149.2972762365331,-1.5421908693761934,-14.918940113237534,195.7059584198072,1.1731851973713154,10155400,1.230370819801941,136.7345489244603,-13.424488680326135,0.02580451627630964,0.1864451511203275
2001-02-11 00:00:00+00:00,13.0,"A, e",37019.74832545957,3.5474984736872264,247.69488264400573,152.8447599603992,-1.970529056495302,-12.518387306252729,237.562158894154,1.0552225906513726,10155400,2.113574726285413,116.8357281203264,-11.17060418236764,-1.8787312086651582,0.1617158357724903
2001-02-12 00:00:00+00:00,13.0,"A, e",37162.70587880949,0.6818930414591103,247.04585462227848,153.52653574274825,-1.8401111797316596,-9.893382269570258,289.34658612408805,1.1764338498106934,10155400,2.9696751608644605,135.1466963995159,-9.86600831154135,0.9664660746473146,0.1875507258200772
2001-02-13 00:00:00+00:00,13.0,"A, e",37306.97843047303,0.8707569903857041,347.4973989365945,154.39730984496958,1.4329021783588325,-10.69142113849321,274.63347084602964,1.1016274253915952,10155400,3.141250864946437,138.6606626800961,-7.20087278225958,2.4696969670195585,0.2146152089812406
2001-02-14 00:00:00+00:00,13.0,"A, e",37452.52427919312,0.0,370.1051830764016,154.37071002900964,-0.0609757285495384,-12.452326712382032,246.3920541251769,0.9264058550311586,10155400,2.41752312793384,128.97944468490908,-11.961629521103191,-1.0376011436212593,0.1357884712449435
2001-02-15 00:00:00+00:00,13.0,"A, e",37599.294035147774,0.0,452.7486131530863,154.37071002900964,1.829823080196143,-16.212068986753405,175.92679591669506,1.1816415376261125,10155400,0.5383728692349534,169.65061928733962,-14.867473132818986,-0.686128079263483,0.1846791527468646
2001-02-16 00:00:00+00:00,12.0,"A, e",37747.24352780052,0.0,457.3059050167085,154.37071002900964,4.7710961846760345,-13.447904170485886,217.92844607789735,1.3700553535770714,10155400,0.0,171.2626330448784,-11.690059099786595,2.3401940714088596,0.2536134937787394
2001-02-17 00:00:00+00:00,12.0,"A, e",37896.319849664615,0.0,448.675809256645,154.37071002900964,5.733039392925433,-11.370128211714364,257.66835040410456,1.569131682745177,10155400,0.0293672512895332,178.76646326785428,-10.13634056048312,3.763599944230691,0.3201343684647293
2001-02-18 00:00:00+00:00,13.0,"A, e",38046.48729878044,2.8639465442167187,338.32372397667496,157.11098987485988,5.864607820449288,-7.977860146487302,339.2741142884176,1.5325931387326166,10155400,0.0,121.83547968744676,-6.353342019463241,4.143717695855855,0.2904582702389057
2001-02-19 00:00:00+00:00,14.0,"A, e",38197.69686779625,2.931841280877917,253.72265837623613,157.61032881792156,4.906144027757863,-5.067854112536358,426.30449333015787,1.392044144173386,10155400,1.9489273376937684,121.95825895078114,-5.163016345183394,3.2841305381708708,0.2153399249876569
2001-02-20 00:00:00+00:00,15.0,"A, e",38349.90586910181,5.46451290149567,239.94113582907468,160.5332507026537,2.9715928275755847,-6.217618914586409,390.19696505318177,1.517543147979161,10155400,4.533527485535996,139.48485195147154,-5.624621296649309,3.5976266294503603,0.2471220947570135
2001-02-21 00:00:00+00:00,14.0,"A, e",38503.07686503387,0.0,439.6407763169644,160.53026359164886,4.768462612152387,-9.75505854390388,293.7685072116128,1.381281836680469,10155400,0.5940320667291071,154.0478577246518,-6.884256489236236,2.8774015309977017,0.2239397652720528
2001-02-22 00:00:00+00:00,15.0,"A, e",38657.16306175916,4.171955234995443,341.20473297376725,164.01684822040278,5.620817815372384,-8.567641546924282,322.9929154018537,1.677380851761086,10155400,2.5330920038950966,168.71345105666563,-7.445966560526131,4.84755807295835,0.295647115734473
2001-02-23 00:00:00+00:00,15.0,"A, e",38812.12419473842,5.234382814566158,273.0092721052631,168.06471013682938,2.348064038662279,-7.9711150983147645,340.3556315370566,1.2520944278127362,10155400,8.089262295378436,163.43395799975326,-8.96015949150717,1.6273304692912234,0.175687069152724
2001-02-24 00:00:00+00:00,14.0,"A, e",38967.92167732618,3.4069872149118856,319.2453737908051,171.4147116416884,0.522393435204201,-11.235375401776864,265.21555107913633,1.1279002527442157,10155400,3.617543826696568,141.512569812928,-12.082655432660147,-1.0633270233539633,0.1498964825316889
2001-02-25 00:00:00+00:00,13.0,"A, e",39124.52099437618,0.3338384883250823,419.16993056463457,171.72288473207996,1.492800738813931,-10.894158227784208,270.5743612945682,1.2024853450118196,10155400,1.7885476648417042,142.41075293474591,-10.93612624545517,1.0221787050594457,0.1686155873589958
2001-02-26 00:00:00+00:00,13.0,"A, e",39281.87639935548,0.0,496.79555347404056,171.72288473207996,3.7277419003500594,-13.34911068128673,220.548590600412,1.2847727532132691,10155400,0.1824708416441968,191.9420079828949,-12.138731748570535,1.5552697852652386,0.1991449574533826
2001-02-27 00:00:00+00:00,13.0,"A, e",39439.958814018726,0.3753459110729472,428.5185653338495,172.09825171455464,0.5478252706491129,-12.795805369248338,231.63053803941597,1.2431895525497056,10155400,0.4847703829980309,191.0356907736769,-11.80789640941498,0.41213084395667465,0.1793566304180845
2001-02-28 00:00:00+00:00,13.0,"A, e",39598.72446410787,3.412515251509621,306.6965802174526,175.51090152202667,0.6195153224099373,-10.555422731244771,275.1640402806896,1.514804142472666,10155400,2.813833873127823,165.1282843390585,-9.962781571654318,4.119314826335994,0.2329282729005736
2001-03-01 00:00:00+00:00,13.0,"A, e",39758.14385695105,0.090979406756176,479.81549877639503,175.60181821347052,2.451820163531834,-12.734517166714255,231.75120751576637,1.5187826649134577,10155400,2.880601945194861,203.15495403297763,-11.471757250598728,2.0246315358045877,0.2189785870496771
2001-03-02 00:00:00+00:00,13.0,"A, e",39918.17885872125,0.7959677063891052,502.2708977107649,176.39768736788562,5.376272408922089,-14.506611515749483,192.6040109104516,1.5570795799739894,10155400,0.8544249457293306,197.044187068046,-12.51029334796948,3.385803552583525,0.2406448711752814
2001-03-03 00:00:00+00:00,13.0,"A, e",40078.79440961655,0.7865915411475574,458.923351519651,177.14753673699894,3.680688571303596,-11.135425318971864,261.9489664909339,1.3627541102369527,10155400,0.9064357870716756,159.86726169051957,-10.517477372596716,3.0634467147302757,0.2000212933247413
2001-03-04 00:00:00+00:00,13.0,"A, e",40239.95962087687,0.0,528.5152581694437,177.14753673699894,5.667225082993081,-12.266231158442466,220.20862441522,2.115458888020658,10155400,0.0659413876078262,210.9232508816914,-10.705391665112188,6.405519062230269,0.3428978422384867
2001-03-05 00:00:00+00:00,13.0,"A, e",40401.63837913077,0.0984829704422722,409.2587652593485,176.63318105410124,6.738459336511949,-4.878497001733974,396.65876399782337,2.306143870652212,10155400,0.0,182.2368553481355,-3.8767701626883877,8.945199181241662,0.4358564945488055
2001-03-06 00:00:00+00:00,13.0,"A, e",40563.79985808195,0.0,513.1287343413426,176.39309755704537,10.784414318536191,-6.012431303298628,315.3091114292192,2.332117044897144,10155400,0.0,204.5687498344211,-4.03529967094812,10.049628074401312,0.4985305142175646
2001-03-07 00:00:00+00:00,13.0,"A, e",40726.42327854724,0.0,505.0532947763436,176.18306201671018,9.79647889203283,-6.151190084188565,285.7654212341395,2.3526333238325674,10155400,0.0,217.6006265897622,-4.327650189757719,9.332554678192878,0.4658890342939792
2001-03-08 00:00:00+00:00,13.0,"A, e",40889.45773748049,0.0,543.4637990736395,176.18171633196988,11.220708408031143,-7.44854126320691,222.50615738572725,2.194346314078528,10155400,0.0,222.56996611735664,-5.7262867350933675,8.456675625156947,0.415707209640421
2001-03-09 00:00:00+00:00,14.0,"A, e",41052.88561723359,3.5439024270582102,360.8105578074647,177.5138714779527,7.168095397455645,-5.303421445261364,344.09612034414533,1.8960695651425572,10155400,1.2008228839806985,175.34654923169927,-6.141310650349851,6.65141241133108,0.2867890161243447
2001-03-10 00:00:00+00:00,16.0,A,41216.66711790271,6.1590091855966165,248.96069719572597,176.37942082815638,5.435588672985645,-3.1781243427396224,474.74132924709534,1.7398721399590031,10155400,9.155873084874472,174.25325795455635,-4.464842378555829,6.603311480511479,0.2656673352254709
2001-03-11 00:00:00+00:00,16.0,A,41380.78437650288,2.169567467228262,311.2546920613708,177.27672160273107,1.6460497631436326,-7.376137891956145,360.5912570255204,1.6238579691965938,10155400,2.845002948385423,182.7961703585244,-9.369976419450893,4.645005983470128,0.2007268142815546
2001-03-12 00:00:00+00:00,15.0,A,41545.20747116609,0.0,467.83190123117663,177.27672160273107,2.204150553168152,-10.388644260294551,241.15920276503397,1.6123019349841567,10155400,1.5231428372755336,189.0965175675668,-12.066858103684638,2.8294337149876583,0.2098440042041101
2001-03-13 00:00:00+00:00,15.0,"A, e",41709.89807532924,0.0,501.2684691728418,177.13122191694933,7.001510405953983,-7.098346099441233,279.1750753160887,1.9939009352853885,10155400,0.0,231.56014300113537,-9.53455473009302,5.5733391583941625,0.2707734218696141
2001-03-14 00:00:00+00:00,16.0,"A, e",41874.83061796911,0.4101493318387701,389.8656973463364,177.4469775291812,-1.3087844203772443,-11.269266740808098,245.16458985701192,1.7561677697824187,10155400,1.036207320254741,158.6235358241274,-10.172410955130147,0.9015889745247136,0.2232231821147203
2001-03-15 00:00:00+00:00,16.0,"A, e",42039.98548687871,4.660191907444272,493.5466934477669,182.1072162608344,4.101287420908668,-15.075806667136268,153.22109445441734,1.835369879833309,10155400,1.0923513027708622,236.9340370193079,-12.896222842862699,2.753431823052267,0.2554188715928042
2001-03-16 00:00:00+00:00,15.0,"A, e",42205.32932728584,6.419803718576125,286.8358757412732,186.866248926567,1.677976477969937,-7.768986785139567,335.7195721637929,1.748394888530566,10155400,4.4325193136045336,198.12778545388625,-7.747809195050536,3.2749474147361184,0.2286089727622876
2001-03-17 00:00:00+00:00,15.0,"A, e",42370.83144718556,1.4202096675339897,459.0333342162833,188.24549100236777,4.462677004854348,-9.198176542166644,262.9556776929581,1.74451114720283,10155400,1.2376557288003796,234.10580172355915,-10.516293637571493,2.646088441804693,0.1982941388753704
2001-03-18 00:00:00+00:00,14.0,"A, e",42536.466733514186,0.0,464.3317780189094,188.0761368868602,4.998215470817043,-6.648189940873544,313.9116367267613,1.6465374541965034,10155400,1.0865843914082771,181.9930268125512,-9.545865034442215,4.670594873666744,0.2104919176687202
2001-03-19 00:00:00+00:00,16.0,"A, e",42702.211596092005,0.4682795871829199,570.3988879265925,188.1337982792573,12.398655289256329,-5.370712166459313,276.0405134949707,2.387895141005857,10155400,1.8678309914045952,229.87161931923896,-6.416386237582401,9.716083343690912,0.3936976473349637
2001-03-20 00:00:00+00:00,16.0,"A, e",42868.038759938936,0.0,539.2026743892941,186.2856426879563,13.299139616993314,-1.5988631616344964,371.2024030424803,2.605119615072142,10155400,0.2074892273305864,225.44051579692237,-2.6240472903205045,11.120067040932327,0.458106715281508
2001-03-21 00:00:00+00:00,14.0,A,43033.91184450616,0.0,496.1994754760147,184.71294299179849,10.620594477959711,-2.256542130453414,384.71365965788885,2.553632564533392,10155400,0.5843258301390156,204.4209401999447,-1.1045090359143614,10.280484805258425,0.4213398705173212
2001-03-22 00:00:00+00:00,16.0,A,43199.8203125,0.0,583.1015374338207,183.77853877828537,13.249696049742155,-3.9398429704272058,296.7100129268343,2.3980651826717714,10155400,0.154879735846712,215.49677183570105,-2.995822910360289,10.94547942826091,0.4582037564556662
2001-03-23 00:00:00+00:00,14.0,A,43365.72252560785,0.0,571.7330755415766,182.5978555723612,13.286787968220024,-3.200593643185322,314.7004875110902,2.400190855322725,10155400,0.1102788803407463,216.37374330856852,-2.2963173545525137,11.23246327966865,0.4831093243323571
2001-03-24 00:00:00+00:00,15.0,A,43531.60141530647,0.0,561.5479947049419,181.67782487959084,11.869379326452162,-3.900285055329179,307.5300755384612,2.6868073484476525,10155400,0.0,253.5129720128045,-2.5997618475657305,11.287378875655634,0.4581924454815817
2001-03-25 00:00:00+00:00,15.0,A,43697.42441529933,0.0,576.8297009318965,180.31506484389095,13.987092645585273,-2.7552781457186155,318.31309067345325,3.1918399518734084,10155400,0.0,243.0100996460692,-1.671610827348502,12.713612085043167,0.5712075784692959
2001-03-26 00:00:00+00:00,15.0,A,43863.16896765381,0.0,521.1212265054303,179.27677055634385,10.308738573229231,-3.562859617793575,336.5383489632898,2.8829731441081363,10155400,0.1194114951104927,242.24291156192197,-4.162562671141018,9.123667625720543,0.4582175717621538
2001-03-27 00:00:00+00:00,14.0,A,44028.8047550679,0.0,490.12807435741297,178.85416122756556,6.152079627701624,-6.162055038102735,309.1209661251068,2.638279374653356,10155400,0.0,267.5759748758109,-7.664749037391175,5.4177916748039365,0.3662191260713197
2001-03-28 00:00:00+00:00,14.0,A,44194.3071338601,3.3584573943537235,310.78490133805127,179.08356832764443,5.026017541944757,-4.481992086437931,411.2593087633528,2.0878115214079123,10155400,1.782542965157779,140.41391854987856,-7.138914042788429,6.87722118549641,0.2948440928659793
2001-03-29 00:00:00+00:00,15.0,A,44359.65417224007,5.295851022507033,336.6664573353496,180.358792872018,5.889964983759944,-4.77870363365065,412.1465705963479,1.9121753368496244,10155400,6.7255758285860585,187.59281149267747,-5.865220887645592,5.396178129103646,0.2342701971829697
2001-03-30 00:00:00+00:00,14.0,A,44524.809490904256,1.0245493866354018,495.9218638066557,180.84603496131652,7.532414812714804,-6.028865101180612,314.0077754384551,2.697017216485668,10155400,0.7353677519668986,254.81841712828216,-6.270878282491367,7.740652237851236,0.3530294293816783
2001-03-31 00:00:00+00:00,13.0,A,44689.742099916206,0.0,592.2537699654989,180.5977956173826,9.818114303350624,-6.2681112426912415,268.2934180851569,2.726255808925766,10155400,0.0843438741660189,266.543462553881,-6.967650203886933,7.63825090790624,0.3851503263097265
2001-04-01 00:00:00+00:00,12.0,A,44854.43303050889,0.4534807832780674,522.5008160414613,179.30395251394194,10.999220153150633,-2.8882328116382547,364.472131202133,3.1519132189112384,10155400,0.0320980748001053,252.63599770254876,-2.4153793342535437,10.951081535271783,0.5205053539177896
2001-04-02 00:00:00+00:00,14.0,A,45018.85560904554,12.061181342740651,266.8019027043795,178.3020614902236,5.843964336589407,-2.053609633204504,513.3776005122214,3.161216289652692,10155400,13.527755472456418,214.18769911729683,-2.4719065481753546,10.759336583184677,0.4743859681553394
2001-04-03 00:00:00+00:00,15.0,A,45182.97350709729,0.105315403617298,382.34831925727786,176.84634039156188,5.942617988640321,-2.4019291040929622,478.0767520892504,2.9623096369966664,10155400,0.6066363508634831,216.38990413772052,-3.4185140938989207,9.730445869049277,0.4378335921204881
2001-04-04 00:00:00+00:00,16.0,A,45346.76212988457,5.336518771086532,247.04357242303865,175.08847780691642,5.253908619066564,-1.5892880636823048,549.8369689426003,2.763850979622121,10155400,3.9942718839901055,221.72460896905,-1.7170214766244385,9.603248607585556,0.4487885806916733
2001-04-05 00:00:00+00:00,16.0,A,45510.18926555778,6.086956681054621,398.84653773782014,174.95158534576058,9.117360730383464,-3.1272463045223517,461.947453065293,2.751294319636341,10155400,8.917188503997757,225.9853925244305,-2.8097648342403545,10.150215356711328,0.4491346827202269
2001-04-06 00:00:00+00:00,19.0,A,45673.225944605336,7.787088378468463,302.6171664617256,175.0852596262724,5.11130570744326,-3.163362942278272,490.51774296718526,2.4627531236689064,10155400,3.307611824708744,232.41182912158857,-4.499039803008998,5.891971785362728,0.3131108724967761
2001-04-07 00:00:00+00:00,22.0,A,45835.84063472862,15.991717974331834,255.3412255066613,180.12252190589567,2.6858519652531623,-3.8590262985476937,469.4471890660574,2.6712886944452605,10155400,17.090288140011932,225.66887447083917,-4.492481361084231,6.301001446550401,0.3349060079793876
2001-04-08 00:00:00+00:00,26.0,A,45998.003501514,11.795292965384135,440.8241178260311,189.9944875195432,1.426033495786345,-12.987746426169345,248.1692516364003,1.6367142283457616,10155400,9.457489667802124,182.10544620433632,-13.157877619125998,2.0751004916244824,0.1931602905810015
2001-04-09 00:00:00+00:00,20.0,A,46159.68604958478,4.571938756963116,584.86242168379,194.56649804579652,4.904993162051775,-16.10234277470843,168.82804609588925,1.8751109465902944,10155400,3.862486242029826,239.30267268088883,-14.11665469690439,2.561823779668316,0.2280264528915585
2001-04-10 00:00:00+00:00,18.0,A,46320.85524435353,2.467207863168119,429.7779566708164,196.5620890551498,3.259854798878913,-8.15118203432478,329.2807113033836,1.825854172779224,10155400,3.528917640612869,195.00729467292493,-9.616877008266385,2.5456548424027687,0.2244457891581542
2001-04-11 00:00:00+00:00,17.0,A,46481.47097559444,0.4457688986055908,642.6668566223071,196.830665826089,6.771689453808015,-10.785113554438546,251.66440184711388,2.1606289475893394,10155400,0.8412302881735618,254.78151520537963,-10.808980059981366,3.568779518142435,0.2522455336105298
2001-04-12 00:00:00+00:00,17.0,A,46641.50962448182,4.699752970189279,370.333061858456,199.96938751970444,2.1760868823043387,-8.090071915233995,340.3734935789701,1.9480087575175815,10155400,5.221532782758128,205.42473063724125,-8.236189597124962,2.676498766833447,0.2229388800179866
2001-04-13 00:00:00+00:00,16.0,A,46800.92513400044,0.5799091634594241,658.1379710373359,200.5493223977612,6.339882841479382,-12.160881420894926,219.85941558519696,2.4190251434853507,10155400,1.1658021396737612,279.91768078934814,-11.023285894532762,4.957170074243493,0.2866456886318419
2001-04-14 00:00:00+00:00,16.0,A,46959.697084931024,2.5457933443363703,439.0008441738025,201.79910926536724,5.261812974854099,-6.846292630275016,365.8419734980256,2.393223871900391,10155400,2.7710321887720517,221.2395288842373,-6.519386230220675,6.0630379588621395,0.3266717406747106
2001-04-15 00:00:00+00:00,17.0,A,47117.77788256774,0.0,699.4359784263477,201.6419750158892,13.005137873429524,-6.719635615224401,295.035389500781,3.2291247548766284,10155400,0.0,296.67040738549593,-6.752684115471141,10.979645424224941,0.5106125084450706
2001-04-16 00:00:00+00:00,17.0,A,47275.13472139847,0.0,709.8560475804875,200.79419755679325,17.556634540178642,-3.974694793389194,340.76544447327245,3.6867456088691983,10155400,0.0,297.60571783383625,-2.4556152713295774,12.719908321227479,0.6794448821718311
2001-04-17 00:00:00+00:00,15.0,A,47431.73462712393,0.0,695.5590400184651,199.1138329457576,18.79895274395123,-1.8347913079615823,396.22738622528817,4.128130253880615,10155400,0.0,303.44505633205574,-0.7256088469484325,13.973478229300497,0.7490951142694684
2001-04-18 00:00:00+00:00,16.0,A,47587.53596151155,0.0,656.4304350588438,196.5524242316532,18.143799378437546,0.4013184274219974,483.9881229956304,4.709847879834531,10155400,0.0,290.3201246903592,1.766912549224287,15.178997184695902,0.8605565753113593
2001-04-19 00:00:00+00:00,15.0,A,47742.4986162774,0.0,572.8632193489377,194.0750215030129,14.086481118841856,0.5752219196917692,553.2282222630961,4.663480375893143,10155400,0.0,298.4855239687134,1.459155850759828,12.747055575418472,0.7431873044336217
2001-04-20 00:00:00+00:00,16.0,A,47896.588967265,6.436933539329057,355.4735956330848,196.85191024524596,5.624563347729626,-4.608549533191813,445.7152713254068,3.3770689121306687,10155400,3.393907651698579,261.13823354350995,-4.3688956506351815,7.775865354042139,0.452913626692632
2001-04-21 00:00:00+00:00,17.0,A,48049.75845100225,10.09539229863533,354.74295041720285,200.90159446697703,4.8271465494512285,-5.016035355222002,427.121858945719,2.595107947372484,10155400,17.315948366507996,245.41280759258777,-4.859864873488505,7.064502098279604,0.3378206922684327
2001-04-22 00:00:00+00:00,17.0,A,48201.97485728549,4.816437284468446,374.0507683139607,202.4338377715396,5.612105288571345,-4.795418970715985,436.00797521084473,2.5070263388506326,10155400,8.232957128020328,224.94387678577115,-5.368284320677674,5.858278792101032,0.3025224221576508
2001-04-23 00:00:00+00:00,16.0,A,48353.18408668613,1.1293959098712638,519.6802169194127,202.4351214615927,8.952954620859352,-4.180863676229832,430.390084026192,3.0457401999100453,10155400,0.0,268.9889739698094,-5.727348095946979,8.950799307658144,0.4404215680978465
2001-04-24 00:00:00+00:00,14.0,A,48503.35217831111,0.0,699.4038750566588,201.7440498382661,14.989081132649336,-4.054148979101932,373.4929271901343,3.3992902202798567,10155400,0.0,306.6612243056411,-4.42511746485178,12.378884775184076,0.5742525844137056
2001-04-25 00:00:00+00:00,11.0,A,48652.43616856381,0.0,706.1322746016001,200.45075388517031,17.795351819912945,-2.3369048022683514,407.82885715102657,3.949537397795567,10155400,0.0,312.7926036837191,-0.7658279542208675,15.604805624272899,0.8009363009677873
2001-04-26 00:00:00+00:00,14.0,A,48800.38535251579,0.0,709.131931512457,198.6243933355026,20.012109501502007,-0.8918180154435299,433.46865049731,4.485854261248457,10155400,0.0,310.30873982328177,1.0985681853348979,18.032528013469346,0.9393961435882474
2001-04-27 00:00:00+00:00,15.0,A,48947.15540830682,0.0,648.6298221825564,195.89013981996936,18.721728742814083,1.622183378972382,548.3657423646509,4.922125752586767,10155400,0.0,292.6454214036967,3.8233725941113335,20.04239925877681,1.143646173282726
2001-04-28 00:00:00+00:00,17.0,A,49092.7043625832,0.0,560.6298654705058,192.57897811591872,16.937398569781404,3.5795298099369948,688.6699575370097,5.231742833844644,10155400,1.3725351467371731,288.7680380530062,4.271310214979849,18.225821413430822,0.9900473791098708
2001-04-29 00:00:00+00:00,17.0,A,49236.98072857938,0.0,562.5000116280304,190.14014656326376,14.79639495614748,1.328901871434051,590.8269840866357,4.34680580593892,10155400,0.0,300.7009517373772,0.8214702252949451,14.641438276286465,0.7094474062145656
2001-04-30 00:00:00+00:00,16.0,A,49379.94123422011,0.0,644.3252552636368,187.9637738901228,17.42592787842057,0.7030069160039426,521.7067247135245,4.408987323490475,10155400,0.0,295.63962645211285,-1.832652123602486,15.47927923046609,0.7305161165941151
2001-05-01 00:00:00+00:00,24.0,A,49521.52605193242,0.7807939507990659,571.7453085216218,186.5911499689542,14.585510079968156,-0.9343287710735312,513.374876718479,4.117223902399575,10155400,0.0,288.604925496393,-1.363984374360598,13.560269942032278,0.5616531694218123
2001-05-02 00:00:00+00:00,22.0,A,49661.6928325685,3.055314687960172,454.0703190163954,189.14627402840256,5.884417716353743,-6.809748503735049,348.3941337629505,2.5568419629003847,10155400,0.0319520256426606,239.03675707148247,-8.427940815926377,5.510683297501714,0.3155407515763829
2001-05-03 00:00:00+00:00,26.0,A,49800.39688084133,0.9716295802992176,430.2238537683394,189.4574125858849,5.58802472065924,-4.583126942428941,432.47252228976606,2.4729325453249595,10155400,5.238775865209784,253.85780167871204,-7.455717734592042,5.627582842176707,0.261735597414951
2001-05-04 00:00:00+00:00,31.0,A,49937.57084540607,0.0,504.0258806128247,188.82486727667103,7.641909483630296,-3.650803622999249,455.0779547272684,3.0336972218158675,10155400,1.2475823695183492,288.75556608328105,-6.4662270013141665,9.093957742822965,0.3654438613706375
2001-05-05 00:00:00+00:00,28.0,A,50073.17656301904,0.0,556.9734417839009,187.6637988227496,11.01115661605104,-2.6887649734559167,451.3701431925933,3.703845244861983,10155400,0.2340141525216523,284.16495085924004,-3.5856581521063617,11.763349544781647,0.5235252915754629
2001-05-06 00:00:00+00:00,31.0,A,50207.149684422206,0.0,605.3924252206543,186.90113851616536,11.726336842790207,-3.4546110350630195,412.941427160218,3.787881032219349,10155400,0.0,327.64406082475705,-6.302200734219241,9.610242448429346,0.5351767311659631
2001-05-07 00:00:00+00:00,31.0,A,50339.444944053896,0.0,674.004491067756,186.06089804443937,15.991393513591964,-3.479258541082396,374.2646350509784,4.289091837512605,10155400,0.0,325.7406900763453,-3.5939199776051396,13.96295861389143,0.7178131664911719
2001-05-08 00:00:00+00:00,27.0,A,50470.01088772123,0.0,706.1372268199324,184.5267623985769,21.00159164159043,-1.3658083819838909,405.049321255801,4.769248203017369,10155400,0.0,329.54917012445884,-0.34557708784012675,18.365861796637432,0.9853436643604404
2001-05-09 00:00:00+00:00,26.0,A,50598.77826669605,0.4533683458028431,617.8712379870564,181.9490786853095,20.365578463703017,1.821424238833532,550.4402936133112,5.740468606130014,10155400,0.0,307.0993518111084,3.2525025096555282,20.878409219226967,1.1331687913371904
2001-05-10 00:00:00+00:00,24.0,A,50725.705835732646,0.0,625.7497456339366,179.80118851021348,18.179711359396936,1.164537110310602,534.874446406945,5.311879184481702,10155400,0.0,326.41829306264367,2.944269073056887,18.477550124475044,1.0017691208788106
2001-05-11 00:00:00+00:00,20.0,A,50850.73015686225,0.0,702.3864178378631,178.07664020195554,21.903769974156397,-0.5213822924153075,425.9438592417077,5.07358062614571,10155400,0.0,334.8930878856604,0.6051800762930384,20.715009985148015,1.2251660963015154
2001-05-12 00:00:00+00:00,22.0,A,50973.79700334276,0.0,658.7360822906095,175.25468246625928,22.742084876110905,2.980466728869285,563.7295149501201,6.092776464842049,10155400,0.0,327.35507677526266,3.698974080093933,23.332238995386888,1.3887292218334706
2001-05-13 00:00:00+00:00,29.0,A,51094.84611693795,0.9427564109392051,554.6506398755736,172.75909980739692,18.20403182133456,2.1735488359103785,592.0756210379612,5.311244162662876,10155400,2.525073061982248,290.2849135012275,4.903304847381889,20.06670032615284,1.0601619726442504
2001-05-14 00:00:00+00:00,37.0,A,51213.81896578841,0.0,626.3238314847504,170.63488052677857,18.716678408934342,1.0591337725231815,515.9306591979703,5.41975281028672,10155400,0.0,329.31995342484004,2.4106964697772355,19.31289701043488,0.9415583531148726
2001-05-15 00:00:00+00:00,33.0,A,51330.66353066645,2.5498434868744013,464.1025543863761,167.26721885083046,19.710992804832944,5.115280578894795,774.1839626679749,3.833223045818452,10155400,0.0183600201183625,147.51588790168353,4.632555762357526,16.882551667334667,0.7588483110152568
2001-05-16 00:00:00+00:00,36.0,A,51445.32044069482,5.387120033479137,359.60659058151555,164.11036924359658,16.753906138775935,5.057814022384094,868.7168952220096,4.620217577640995,10155400,4.772300873302454,301.70906922039603,3.963020579168699,17.880107659156238,0.7173568505947293
2001-05-17 00:00:00+00:00,41.0,A,51557.73203613464,0.0,539.9673147647718,161.47902145761805,16.875434692147056,3.4646081361595247,686.596736898032,4.3676405002325,10155400,1.2555794356590828,299.8006283746302,2.7901546084816005,17.53638336922245,0.7385691016035121
2001-05-18 00:00:00+00:00,42.0,A,51667.83434998851,0.1659066836286543,583.4410875793865,159.30390091827695,17.391590388010346,2.267403919484558,605.2806463970086,4.320080593430519,10155400,3.3716484271124494,267.0097422957181,2.1253052431314927,18.506125809299306,0.7903304262137746
2001-05-19 00:00:00+00:00,42.0,A,51775.57476924928,0.0,611.4491775524558,157.21510615600155,17.945626445475153,1.5881730348868508,555.7816778590653,4.954725773446048,10155400,0.1264820805096945,330.4421397509792,1.7606009951068131,17.82707442512782,0.8209078734159858
2001-05-20 00:00:00+00:00,43.0,A,51880.893896008674,0.0,599.6064274466281,156.0436260303573,14.377590860072136,-1.4058004432362077,462.9863520646827,5.153937667289742,10155400,0.1669505844636091,333.8174032148703,-0.44792798939806744,15.089948313375999,0.7275901988986285
2001-05-21 00:00:00+00:00,38.0,A,51983.73563594007,0.0,650.2885863325633,155.6228578432583,14.240665631656656,-4.040360955244545,364.3686684320596,4.324092433142975,10155400,0.0,342.22442772959977,-5.145732520560102,13.616366874465314,0.6563831010737483
2001-05-22 00:00:00+00:00,34.0,A,52084.03601924727,0.0,666.3527477669824,154.09085738201037,19.348037769699413,-0.7957534967733131,421.46683958676977,5.22954523979136,10155400,0.0,341.1325652141154,-0.5547349813171536,19.523611124746083,1.0322075802797746
2001-05-23 00:00:00+00:00,30.0,A,52181.74110730005,0.0,668.2488305543311,151.75564835812156,22.810319333132156,1.8735398529643037,492.8063449399359,5.653076480621276,10155400,0.4323040377880702,343.00811740438274,3.0338939409878094,22.172364396076944,1.340362059305419
2001-05-24 00:00:00+00:00,33.0,A,52276.79209133411,0.0,659.1725376937601,149.07887041577024,23.76888969307741,3.257259357797724,533.1017412333206,6.099876778082492,10155400,0.0,338.77834735648986,5.57134076704898,23.385323087506265,1.4534031889884955
2001-05-25 00:00:00+00:00,31.0,A,52369.1382286023,0.0,640.7936620925726,146.05084228915962,24.01466669850773,4.5748084872157895,578.9512186205014,5.844854278066005,10155400,0.0,300.62025091981496,7.550303662778049,24.316843488885354,1.5514120699587113
2001-05-26 00:00:00+00:00,26.0,A,52458.72018151513,0.0,644.8365018525302,143.09301008668967,24.456064388746523,5.0650228482279545,587.5475099067696,5.889798174006838,10155400,0.1704475043730392,328.22285861574574,6.3326441836154,24.194975255817212,1.452019326623045
2001-05-27 00:00:00+00:00,26.0,A,52545.48756606877,0.0,609.7780709020842,140.49951142380417,21.332447166603156,3.937160493472226,578.1354425301072,6.169623050034983,10155400,0.0,331.8590103675848,6.580441745161977,22.532923921429017,1.2886373643891218
2001-05-28 00:00:00+00:00,29.0,A,52629.375555381484,0.0,543.4590798554192,137.8275747564359,19.149098342391365,4.397491473275775,649.6980582912544,5.818278486605342,10155400,0.0,320.30237593186206,6.7527425294228465,22.826754286510152,1.3466198666569351
2001-05-29 00:00:00+00:00,32.0,A,52710.34110877703,0.0,596.4172826628759,135.52096022644608,19.783996144020303,2.9277605538617952,552.1550265184162,5.7884673978724575,10155400,0.8828143357285471,334.7695091825808,4.251069056841288,19.67909933437761,1.0290941719011863
2001-05-30 00:00:00+00:00,35.0,A,52788.32664678951,0.0,610.5621477502698,133.69874352439828,18.670046982689005,1.0048193596208597,469.9757329469459,5.518097099164251,10155400,0.0,342.8993597144412,0.7267692899299618,18.176563262061677,0.993794772411379
2001-05-31 00:00:00+00:00,34.0,A,52863.28449307162,0.0,646.1425973018655,131.87674560257767,20.659477633192544,0.8366162834639428,437.95919461374353,5.589160459067121,10155400,0.0,346.9210393753732,1.2825413155516117,20.156448342367923,1.05703689390159
2001-06-01 00:00:00+00:00,34.0,A,52935.16321577047,0.0,692.6834996266625,130.17202032552896,24.74343297417117,0.8607292328524043,399.4632419398123,6.035844164821475,10155400,0.0,327.88020552178506,3.054502192876839,24.06214433770333,1.3955296075224892
2001-06-02 00:00:00+00:00,34.0,A,53003.91233903888,0.0,549.4173173909307,127.456138080571,21.07500795946707,5.107964550792517,646.2965367557828,7.177689061589155,10155400,0.1544726149893234,306.8097837132875,8.01246545155351,23.63456665483892,1.4815838556675258
2001-06-03 00:00:00+00:00,35.0,A,53069.49217412938,0.0,517.8852922900339,126.2965864324508,14.413916521002436,0.3555466211420699,520.2117869974827,5.073759358312004,10155400,0.0,310.3222790556246,1.13041775331277,15.47061409872066,0.7868210051763164
2001-06-04 00:00:00+00:00,33.0,A,53131.851901640526,5.861518267963135,466.0978029288328,127.4384999963093,10.887334510370115,-3.837597223657895,413.0751437810166,4.0036449750660665,10155400,1.3145852649175351,320.5182783208015,-4.793430202428453,11.562035686295701,0.5632067866896384
2001-06-05 00:00:00+00:00,35.0,A,53190.948294688125,0.0,652.1287577193907,126.86977491469996,17.539095254061383,-3.423616344967994,335.91046626394296,4.37920858575145,10155400,0.268287426157506,227.69916477140225,-4.374151652444084,17.267710483840233,0.9080715008252528
2001-06-06 00:00:00+00:00,39.0,A,53246.74051062325,0.0,619.407983061649,125.08135842410069,20.44379474423161,1.281881329633547,472.0932182122542,5.315965919991001,10155400,0.0,325.2944783623415,2.3460155694952505,20.44351887154818,1.1112099239616844
2001-06-07 00:00:00+00:00,36.0,A,53299.19177959675,0.0,644.6904740761788,122.88502606350367,23.75684919745266,2.725848261316425,492.7078040259542,5.5138468024432,10155400,0.0,331.35298695572925,3.0092385743689647,23.405661612151448,1.3610865524982958
2001-06-08 00:00:00+00:00,40.0,A,53348.26405823794,0.0,636.5508301202932,120.17773130891165,25.975427350710312,4.904054530974401,558.5456546743961,7.200690901645731,10155400,0.0,319.4525291080612,5.892908179671053,26.969828333581745,1.740687370873676
2001-06-09 00:00:00+00:00,39.0,A,53393.91239810616,0.0,589.9731711078988,117.25370497628823,25.532554880373077,7.437798903980396,692.6579864458079,7.147297435016963,10155400,0.6148752944381449,326.6072766222748,8.698647025160767,25.050540368527436,1.6467547263574815
2001-06-10 00:00:00+00:00,41.0,A,53436.116432120725,0.0,618.3964736460563,114.56217077412543,25.361554080715063,5.6737782199180495,577.8361491805388,7.580693350745944,10155400,0.0,328.8562969098545,7.663317176282931,26.06845448338845,1.7712076375193824
2001-06-11 00:00:00+00:00,38.0,A,53474.83653724047,0.0,600.7895806444382,112.14487451193996,23.414840872431576,4.813196102044946,564.9461834865771,6.471943921754817,10155400,0.3191383800840439,327.7257610102293,5.878940168222812,23.645859052443882,1.4400605096107777
2001-06-12 00:00:00+00:00,39.0,A,53510.047230938544,8.236663290275374,460.1627907385087,113.71519629662288,16.143164479384605,-2.813196044963035,425.9164455533296,3.88286775493721,10155400,4.965769189208989,230.8224996605048,-3.756084599024632,15.754611730425609,0.5974556846789238
2001-06-13 00:00:00+00:00,42.0,A,53541.71963997271,0.3378502207059118,482.8852898872672,113.70336009974189,7.397216715832013,-5.81559132559214,360.06689862031715,3.013036187959913,10155400,2.912624696951025,272.53905071837835,-6.82840268673948,8.337838243052374,0.3676835670416917
2001-06-14 00:00:00+00:00,40.0,A,53569.83493622899,0.0,543.2493850295691,112.86640790901448,13.961607606438156,-1.3851441808303135,437.20676782670176,4.454644163634232,10155400,0.7961917517504232,330.9267196128838,-5.216013914506675,15.193787244425891,0.6452658528060625
2001-06-15 00:00:00+00:00,40.0,A,53594.36756338035,0.0,623.7450127803565,111.5821146217996,20.17069625582242,0.3549931111604393,410.8590230137974,5.914630553466851,10155400,0.0048788494455247,330.54327237971887,0.3521861371987143,20.98418015036316,1.143339533800346
2001-06-16 00:00:00+00:00,40.0,A,53615.30225650773,0.0,643.5809469992108,109.51177010539736,25.06423209669829,3.0886265774126342,455.61289779661314,6.631214541104979,10155400,0.0,330.1722271966325,4.46198302123031,24.855247191360547,1.5430333721549343
2001-06-17 00:00:00+00:00,38.0,A,53632.62034880088,0.0,609.4774312728357,107.04887619935349,25.32218326566861,5.267146429815079,553.4932380150572,7.72648191900589,10155400,0.0,326.7714688224897,7.425419224041036,25.706439541042187,1.745487145471232
2001-06-18 00:00:00+00:00,37.0,A,53646.3068608882,0.0,561.0012260408199,104.74781721574398,22.079211270315565,4.512452643571386,571.5842917841719,6.479809794193518,10155400,0.0,332.915040171234,5.234630859491062,22.08684489156485,1.3633644274435923
2001-06-19 00:00:00+00:00,38.0,A,53656.35762934707,0.0,622.2196130468313,102.87263911755235,23.70187286258335,2.8415093788558563,465.4125226159167,6.0889737636263925,10155400,0.0,330.2613373155131,3.8151695930254164,24.137342111205214,1.5156851784209984
2001-06-20 00:00:00+00:00,36.0,A,53662.75811355071,0.0,613.6132934961549,100.71377861817618,24.592219742766368,3.818862360863227,498.7968001118509,6.4117085638541065,10155400,0.0,331.426107807745,5.005286262004404,25.132373455338495,1.594866245376633
2001-06-21 00:00:00+00:00,35.0,A,53665.50505559596,0.0,621.9000411049426,98.44534240246811,26.46135344495097,5.0280775130053295,527.4550413181938,6.352555449331415,10155400,0.0,329.2702789702984,6.149522982842711,26.428957800705007,1.7172019473088769
2001-06-22 00:00:00+00:00,31.0,A,53664.6018617877,0.3718464077786486,600.8184281448865,95.74959203763224,28.048190871526018,7.422128541843193,633.0028332074354,6.646060484254198,10155400,0.0,327.6717918716556,8.419216487793335,28.774525980416968,2.0600567511069574
2001-06-23 00:00:00+00:00,29.0,A,53660.03784451957,0.0,541.3508168255828,92.69271086683892,26.794050721502323,9.670082159934008,806.5814152098526,7.280846053485217,10155400,1.696630764876292,309.68718959828897,10.59560401827008,27.23707709435996,1.7973934519391124
2001-06-24 00:00:00+00:00,30.0,A,53651.83452683282,0.0,529.5020299690939,89.95363750947293,24.907449112071763,8.473526672091603,769.2164082965418,7.192657840472682,10155400,0.1626236165641972,311.779931606101,9.36161534716166,26.284851744892876,1.5664220361442065
2001-06-25 00:00:00+00:00,31.0,A,53639.97568900464,0.0,568.3423179958794,87.71816307092517,25.0866104055417,6.945724746629321,669.969280962824,6.843355458305973,10155400,0.0,322.4737901560663,8.40844851691702,24.91406173234583,1.5222553416107265
2001-06-26 00:00:00+00:00,35.0,A,53624.4869429405,0.0,432.2115177609652,85.26634798983105,20.449867299743616,7.646446602184969,839.7161206529845,5.677123641120899,10155400,0.0,246.61305780428503,7.645524993438244,24.39184349977205,1.3347446690678957
2001-06-27 00:00:00+00:00,38.0,A,53605.376790942726,0.0,549.4011851944645,82.97611308463084,24.699735410486092,7.354790032323157,685.8341428477722,6.311591397158585,10155400,0.0,313.958083108425,5.262070307885892,24.91268962077737,1.2918071715610722
2001-06-28 00:00:00+00:00,42.0,A,53582.658279338495,0.0,603.4789835127815,80.59366134221673,27.809541440954767,7.122174724086526,585.9939910183663,6.678614345391379,10155400,0.0,328.22123727175733,8.171349436637001,26.57888058591044,1.7035019650241008
2001-06-29 00:00:00+00:00,50.0,A,53556.34785814638,0.0,618.2614223680218,78.13524072408464,29.138726709764427,6.944969302049568,557.3734267628594,6.663931968654802,10155400,1.1574042704869214,324.99394396272925,8.563632623379704,28.379502320718927,2.028196447034529
2001-06-30 00:00:00+00:00,47.0,A,53526.46605723654,0.0,620.1690866100536,75.59486480663503,30.30386028277541,7.66437303080763,578.7408335063935,7.083044123439309,10155400,0.0,324.5019513584429,9.066269891386185,28.615201675609285,2.0936331884174795
2001-07-01 00:00:00+00:00,38.0,A,53493.03329809674,0.0,589.4993006318713,72.82520043545,29.663616553880743,9.009455952225936,664.0957137274767,7.150570776239771,10155400,0.0,323.3010301988362,10.764620862397692,29.040958276569427,2.078630400250833
2001-07-02 00:00:00+00:00,34.0,A,53456.08080303056,0.0,577.604623394607,70.04692182764882,29.83481725151881,9.828683310397125,652.3895931946627,6.214334199409982,10155400,0.4456753446111198,319.02345602991,11.02516861032268,29.458499630993742,2.017277214830416
2001-07-03 00:00:00+00:00,31.0,A,53415.6319236245,0.0,597.4843212669114,67.36295030077692,31.54061963147755,9.865635719997076,626.3025444597489,6.102273042538916,10155400,0.663346154811117,324.56064812096207,10.745203039822059,30.08654601698896,2.1296898954509547
2001-07-04 00:00:00+00:00,27.0,A,53371.7147660416,0.0,587.4331714223737,64.40264849496891,32.608052083014755,11.24484321149383,665.2826309080453,7.175358655116409,10155400,0.0,322.075075956145,11.95365062225693,30.358149412690693,2.134019143010438
2001-07-05 00:00:00+00:00,33.0,A,53324.36294180736,0.0,533.2473021381974,61.51375823908274,29.642283055365134,11.660049884867211,723.4676089641183,6.652744990948288,10155400,0.2400452571557438,312.78410302449254,11.989513599413556,28.77893621272824,1.7961919155647357
2001-07-06 00:00:00+00:00,39.0,A,53273.61740016555,0.0,545.0802413116587,59.12779645002708,27.873193649995088,9.636452167363831,584.9365089357998,6.200711192109146,10155400,2.1752762850131173,308.64490607852315,10.97346940240601,26.74820287538728,1.4482705901292052
2001-07-07 00:00:00+00:00,37.0,A,53219.50376282906,10.075909790055896,326.2407525495862,56.84227415351143,21.827422369124285,9.647026090678578,794.5677814477398,5.222555234815327,10155400,2.5745813025421844,284.1120093216689,8.360472425532919,24.6437723023966,1.0731120548564912
2001-07-08 00:00:00+00:00,39.0,A,53162.07254386439,7.961327626630864,383.80325455547165,54.76560427370719,24.805712872594132,8.667150777459897,633.0024083248114,5.103429334103364,10155400,0.9804649671043844,289.7706864902892,7.7634675697096895,24.186499830609932,1.0240362560982947
2001-07-09 00:00:00+00:00,44.0,A,53101.351042711736,9.661353255798042,315.0625837259224,52.67289952837409,21.82987913707539,9.137073836234842,801.6637294124955,5.366143443352429,10155400,11.68062843950659,297.9766402333557,7.837841651088013,25.338821223614048,1.1386799777615484
2001-07-10 00:00:00+00:00,43.0,A,53037.38894358012,4.058163650146145,319.1204864836223,50.74755965275181,20.30410105109359,7.903460842406873,780.6166751893459,5.083775832887639,10155400,3.6107280570029,293.1802830923749,7.92177106401806,23.61331402556374,0.9950493611698412
2001-07-11 00:00:00+00:00,43.0,A,52970.23396604142,0.2588497164026385,510.3708069105115,48.949632211868966,23.248484852776087,6.802214713258391,522.610887921147,5.124241029942138,10155400,1.2267311534125638,296.5949632310618,7.08099075814232,23.98770244601394,1.1048817297536075
2001-07-12 00:00:00+00:00,42.0,A,52899.926599758845,0.0,551.7099533707482,47.1138945721645,25.64482880602762,7.322945633041174,479.5848763442274,5.309327856939083,10155400,1.4886137601593596,304.07684233848926,9.26727349061855,26.064921834090455,1.4077541565428997
2001-07-13 00:00:00+00:00,43.0,A,52826.51705701446,0.0780268087545393,501.0606697066159,45.15276483377492,24.645084330430805,8.401630314409767,566.898579587608,6.015559393594482,10155400,0.8550377951677012,297.2341296904815,9.017391630872112,26.973042579890432,1.550118198477928
2001-07-14 00:00:00+00:00,43.0,A,52750.05174544823,5.483389997663873,386.0559045256759,43.4310881498003,22.12876932012152,8.70651151901049,690.2184697648936,5.695287889100777,10155400,2.9529772499015103,263.548866598945,9.365806058423402,25.12362902220184,1.4198679970542456
2001-07-15 00:00:00+00:00,47.0,A,52670.582984296816,0.057859862963803,479.51037222706685,41.89981788370035,21.609784071408644,6.746225148004136,544.4361106875676,5.185508117223422,10155400,3.63821903758649,247.7771499948984,7.505484220544645,21.851430033859117,1.013625754511484
2001-07-16 00:00:00+00:00,44.0,A,52588.16129971514,0.0,546.6396904472508,40.61725954551464,23.225053837199763,5.293464801196414,439.820155438056,6.981458321003453,10155400,0.0,325.7246077042915,6.4991946661308475,22.731764186143323,1.3753259735112089
2001-07-17 00:00:00+00:00,49.0,A,52502.84065325884,0.0,546.649543625109,39.19784672385095,23.53989412778557,5.404675244201448,444.7150350688556,6.984291721584555,10155400,0.0,323.2208142367103,5.348639803522531,22.770274200173787,1.4028859969635628
2001-07-18 00:00:00+00:00,45.0,A,52414.67063092568,0.0,550.1050371431238,37.71284731745339,24.497168160698752,6.060314827142585,460.20909168080686,6.4334725199608735,10155400,0.0,319.22858772019987,6.103399598909732,23.057318552096262,1.327561468783596
2001-07-19 00:00:00+00:00,44.0,"A, e",52323.71203240818,0.0,567.0251092458196,36.26918562130832,25.40866435766916,5.949308111478004,442.3710502846319,6.509341394424325,10155400,0.0,319.2643099215176,6.460371576148987,24.289188264063057,1.4401678732839498
2001-07-20 00:00:00+00:00,42.0,"A, e",52230.01885903464,0.0,541.5778194208838,34.5113623131425,25.55118461471656,7.370374182298911,487.9433523395426,6.821212987915226,10155400,0.0,317.6294871339249,7.676373155682654,24.826386965406186,1.4903279853463676
2001-07-21 00:00:00+00:00,40.0,"A, e",52133.643165737005,0.0,570.0035632784123,32.93774323543493,26.333035687071096,6.573774964271473,410.7059313622024,6.773173932096834,10155400,0.0,318.95847269683475,7.300553757602813,24.61493780987979,1.5323250605870655
2001-07-22 00:00:00+00:00,38.0,"A, e",52034.63875595425,0.0,582.5402876699545,31.52556319638876,26.448871260401525,5.822094117453458,372.2391436854004,6.317961197796851,10155400,0.0,319.5430415995047,6.835518668575162,25.1742225372019,1.6158418911446029
2001-07-23 00:00:00+00:00,36.0,"A, e",51933.07808064713,0.0,585.3954894617588,30.011599648189755,26.818657209864305,5.699711595562446,364.26939835895234,6.424627241377299,10155400,0.0,311.5344590243737,6.839230450601633,25.668629670876555,1.6777848528245745
2001-07-24 00:00:00+00:00,35.0,"A, e",51829.001258357166,0.0,568.8208074791579,28.321121308974423,27.70028972661097,7.449832286220142,417.94229164682224,6.080919200843156,10155400,0.0,316.24054484705795,7.274759088597705,26.558247894523674,1.737685813434388
2001-07-25 00:00:00+00:00,36.0,"A, e",51722.47639906941,0.0,558.2136261644232,26.685686265028345,26.877457143664845,7.218263247813596,419.2523854811394,5.841190606541147,10155400,0.0,308.8109798000656,7.898780341954591,27.228974445270694,1.7892353565056935
2001-07-26 00:00:00+00:00,33.0,"A, e",51613.55738928813,0.0,450.6626606419564,25.28240252152985,22.14382819609694,7.856857407280218,523.1333931469137,5.369156171005095,10155400,0.0,292.8727651608878,9.664452080386525,25.138800306610904,1.5489406911138863
2001-07-27 00:00:00+00:00,33.0,"A, e",51502.3024729336,0.0,567.378896510635,24.01381414130631,26.64970314431245,6.102293116397723,385.1269059516498,5.914379335601606,10155400,0.1414633539040102,307.0985131022474,6.979688841680968,27.169826094239966,1.6819595531047362
2001-07-28 00:00:00+00:00,34.0,"A, e",51388.77467115023,0.0,547.5011055067912,22.395829935289697,28.02929019807428,8.490804667939216,464.43168338569967,7.674407950225368,10155400,0.0,299.5602158119711,10.43090841879291,28.13795804409324,1.9373712101877456
2001-07-29 00:00:00+00:00,33.0,"A, e",51273.02321216039,0.0,565.223705054436,20.871513259108745,28.503420440860467,7.624055590398581,428.1148716766136,7.635680979187241,10155400,0.0,310.4564200542774,9.100985847962988,27.40721699624936,1.8739040096333184
2001-07-30 00:00:00+00:00,32.0,"A, e",51155.11875730111,0.00041806655160459466,527.5589678235315,19.37838299550318,26.934825306337512,8.56343408703663,483.29504897045285,7.643905536731455,10155400,0.0,305.5639906944429,9.913051413490109,26.578058390776107,1.6913575015781313
2001-07-31 00:00:00+00:00,31.0,"A, e",51035.10680262108,0.0,543.777007820419,18.396463886468045,24.513916819726877,5.307096196262686,380.7812134562405,5.417347113888775,10155400,0.0,306.87178994120035,5.285369263597488,22.53215227436766,1.1124604293142022
2001-08-01 00:00:00+00:00,31.0,"A, e",50913.05022374176,0.0,555.4525606947615,17.185461075394993,27.170280791389,6.844391982957992,399.7744096566886,5.874069936941164,10155400,0.0,287.753505897981,6.530202221849834,25.867913540801112,1.4555732412272484
2001-08-02 00:00:00+00:00,31.0,"A, e",50789.00527395127,0.0,547.5870385793562,15.875067815553091,28.71069568491845,8.77370798492627,451.3635767109295,5.750106706045542,10155400,0.010162752074199,282.4962059808984,8.005436129279019,27.5326042021606,1.5876295716307995
2001-08-03 00:00:00+00:00,31.0,"A, e",50663.03411131656,1.4956975541679598,433.3865465573951,14.636453134711212,24.78893165580372,9.265785255778034,539.0114529172414,5.235958623966479,10155400,0.8473527061713357,235.8561779268393,9.74356919323344,25.894151890524256,1.2592818390901015
2001-08-04 00:00:00+00:00,31.0,"A, e",50535.18620514953,0.0,518.5559541050187,13.565883652134206,26.51806089324281,8.479897045260712,465.8190034494349,4.68590602032538,10155400,3.094288958294557,220.956796127068,8.589233316371974,24.46278139140992,0.9653686520646656
2001-08-05 00:00:00+00:00,30.0,"A, e",50405.52239921797,0.0,565.6001492422971,12.56874392923134,29.515535019298667,7.773283926669433,413.8676253272357,5.876128683109408,10155400,3.090426985885327,283.68825123456986,9.843520071969522,27.45049367047892,1.6709783466227033
2001-08-06 00:00:00+00:00,29.0,"A, e",50274.09487993429,1.450508805762864,466.308821410731,11.396723769900545,29.0264107615334,10.052483433408064,591.8297018148022,5.16238570288668,10155400,0.0,266.3295000440233,10.517367660063314,28.96236217795547,1.9205616067492364
2001-08-07 00:00:00+00:00,30.0,"A, e",50140.95249686625,0.0203916338747609,463.940557466094,10.242400509169226,27.668058466324467,11.693549640383203,640.3063302157396,4.842392892277955,10155400,3.282544463574025,249.98845830438856,10.299336151662885,28.551139525278415,1.627833514882114
2001-08-08 00:00:00+00:00,31.0,"A, e",50006.16652080669,0.0,511.2108681969401,9.25050480031169,28.65821082734093,9.989407671209204,527.2720421880662,5.775731879723496,10155400,0.0,273.1595004496833,11.29285070403074,28.65225007521309,1.723717608304942
2001-08-09 00:00:00+00:00,31.0,"A, e",49869.773528055,4.215728450955734,373.70768441186647,8.420659062580503,25.540635685025556,8.950525473309284,631.6899890590746,4.825555051399745,10155400,2.896086476552469,253.81327945551035,10.569629874624013,26.672540223909607,1.533498594692892
2001-08-10 00:00:00+00:00,31.0,"A, e",49731.83924723959,0.0,491.1426238658008,7.675374573861311,25.56189441785201,7.921480423927296,495.7820537844692,5.116068028852022,10155400,0.2378670002524092,272.07417304616,7.781224744107703,25.121539939594584,1.328201836441702
2001-08-11 00:00:00+00:00,31.0,"A, e",49592.40400892053,0.0,513.6264908077154,6.960478759407131,26.19226178058164,7.005163960629403,453.1419139798602,5.032572756351423,10155400,0.0,273.12741536532474,8.075972772668365,26.12761405589748,1.5052211513817408
2001-08-12 00:00:00+00:00,31.0,"A, e",49451.52623809726,0.0,511.80669223777664,6.20635658640176,27.018870785193087,7.537781836051087,470.989111359438,5.141651005896856,10155400,0.0,269.7096342787459,8.29409155690422,27.71726258698203,1.702370020760759
2001-08-13 00:00:00+00:00,28.0,"A, e",49309.25453154807,2.069824356704192,326.14936354708243,5.552790951066366,21.879572629884557,8.390504344790235,695.2652975401578,4.898881119276367,10155400,0.6981910174359045,233.7911345017626,9.302645865350826,25.66742474734866,1.3967437053829432
2001-08-14 00:00:00+00:00,31.0,"A, e",49165.63893700266,0.0,501.9559552469841,5.012861421900392,24.971382907705006,6.128137448643921,429.1640647049282,4.921569162928574,10155400,0.725012988182777,249.7461578530276,7.251772131063603,24.468101716924593,1.1664758353457372
2001-08-15 00:00:00+00:00,31.0,"A, e",49020.724739637975,0.0680624890794636,482.9206385048415,4.536179661968181,24.17894070716888,6.241808109951699,427.4004639291392,4.920047737141059,10155400,0.8763571796682937,246.64069301697327,6.984529886026678,25.962189124372514,1.4752047645481354
2001-08-16 00:00:00+00:00,30.0,"A, e",48874.56233181666,0.0,515.1929621876214,4.077484859954533,26.426373057856264,6.274010876023501,405.8389233457978,5.301970024661235,10155400,2.6567481610033608,258.37024608255643,8.65796650980576,26.43798360044883,1.595590789018806
2001-08-17 00:00:00+00:00,31.0,A,48727.201393297095,0.0,523.5079471208345,3.609888657009826,27.84440397822506,6.664374285967095,413.2113095232431,5.121589530669202,10155400,0.0024416060376777,261.8061613631908,7.966609789433733,27.4176905975678,1.7307288338033924
2001-08-18 00:00:00+00:00,32.0,A,48578.68619375771,0.0,498.9100472223511,3.083660087424656,29.273265200216496,9.513114077436136,517.6949863652623,6.675527222957841,10155400,0.0,256.2081876078793,10.228751680716641,28.583264771703227,1.9248319320039733
2001-08-19 00:00:00+00:00,32.0,A,48429.05625735044,0.0,482.3980337600587,2.654862043079606,28.38403317162577,9.768286560082222,532.5434865958981,6.742579245046482,10155400,0.1193765601133476,257.0189400982059,10.383805726641413,28.164157761433273,1.891465858323968
2001-08-20 00:00:00+00:00,31.0,A,48278.36768129295,8.386093635268502,306.38038683699733,2.4124413439992938,21.63732455651942,8.110359315055511,674.202523909435,5.262422024188736,10155400,0.7286018620527678,227.1858344124732,9.661637879208683,24.586869787467094,1.3058734300642711
2001-08-21 00:00:00+00:00,35.0,A,48126.65162605987,9.647721435337363,312.85531286073666,2.2313815112786517,20.16387313735503,5.291744679969622,593.7488164994544,4.356032140579405,10155400,13.007399935740318,223.83466816289436,8.218865988836285,23.02176551385452,0.9626172343639317
2001-08-22 00:00:00+00:00,31.0,A,47973.96186503242,3.4017729463856434,402.7372004174179,2.040319471968965,20.079514715708285,4.230639343442843,521.2399638816187,4.070098141923042,10155400,3.964104782287256,232.54302684685888,7.213293932712247,21.70700852479041,0.8974335973114055
2001-08-23 00:00:00+00:00,30.0,A,47820.33045659131,0.0,496.3439929041813,1.85206507568992,24.6828863954476,5.150194875646137,471.1165749192367,5.145866555242337,10155400,7.066748035225807e-05,257.5601671875616,6.023740112871508,24.03493669259609,1.2900366865047057
2001-08-24 00:00:00+00:00,31.0,A,47665.804391485566,0.0,436.0015299842504,1.6402013034783107,22.715667467095244,6.768811899380257,597.1536504657983,4.8535187831039135,10155400,0.3236626010694381,224.7822363538233,7.31166733522781,23.986444986827564,1.4026918267592636
2001-08-25 00:00:00+00:00,31.0,A,47510.41936623149,0.0,524.9804842186916,1.4499967560968556,27.392862545985263,4.851822041966912,433.5329146195826,4.603211143186388,10155400,0.0,257.560909445355,7.469133005518302,25.975237326817705,1.6939874100682917
2001-08-26 00:00:00+00:00,30.0,A,47354.21928228963,0.0,513.4322892115339,1.2292566307610513,28.48439202880522,6.504458913253342,494.9797862553233,4.789531927101322,10155400,0.0,255.041116962749,6.982046233245228,27.618545289808537,1.90254334894148
2001-08-27 00:00:00+00:00,29.0,A,47197.23674955717,0.0,498.7359638295524,1.002377510079077,28.97575688075757,7.930290856519353,558.8419792042356,5.436308532391615,10155400,0.0,248.94372244397405,9.327170773921353,28.864818846173932,2.077147382247285
2001-08-28 00:00:00+00:00,28.0,A,47039.518252741385,0.0,483.4715205441083,0.8155285364225381,27.587545511882563,7.612971419980351,570.0375380531602,5.073711228736492,10155400,0.4423382626643772,244.2939979343187,9.21963688528865,27.818580470043514,1.8929508614869508
2001-08-29 00:00:00+00:00,27.0,A,46881.08766832754,0.0,460.2965662701533,0.6614501505495741,26.306587631368064,7.966765956510216,612.585921664863,5.131444958955247,10155400,0.0,244.8359774230101,8.703919952256285,27.13407314712566,1.779683322074992
2001-08-30 00:00:00+00:00,27.0,A,46721.99180477712,6.572327338507992,316.21218652092773,0.5649600969606173,21.679500311775957,6.836662025210288,763.2217232676796,4.359366620020593,10155400,2.4220341335151523,227.98411554713536,7.287186348624914,23.839579471013053,1.2892424400197855
2001-08-31 00:00:00+00:00,25.0,A,46562.26263870018,0.0,419.928184833426,0.4828142181404212,22.493838495683832,6.650694901028103,656.4813650409519,4.2732368856227785,10155400,0.3122149383649952,231.687290145428,6.7298358548045485,23.497678320748832,1.1468077827657754
2001-09-01 00:00:00+00:00,25.0,A,46401.93631526422,1.0963954280852517,430.1741403017079,0.4172601774921964,23.63596171203757,5.487168219519106,590.8979841464738,4.908053032669963,10155400,0.4567123523250054,230.5961595028787,5.795347195598936,24.60995878475154,1.407466710626681
2001-09-02 00:00:00+00:00,28.0,A,46241.04434096978,0.0,448.9171533655764,0.3570465337693247,23.932090885918367,5.837461125050603,591.2545101785961,4.336547257571991,10155400,0.6609990422988221,205.3513681399936,7.408729286193477,24.828845373781235,1.5123102033306224
2001-09-03 00:00:00+00:00,28.0,A,46079.61560044476,0.0,451.9984874199654,0.2881410111183452,25.381066452999544,7.055483396796707,608.2458084060033,4.579766549086958,10155400,0.0,234.3544538468244,7.572876897594824,26.362562867365966,1.699836755112437
2001-09-04 00:00:00+00:00,27.0,A,45917.69091932413,0.0,458.4239989925475,0.2213439800457333,26.04235917772221,7.145200118491896,603.8339173099054,5.22356076345124,10155400,0.0,222.9419599235899,9.707953724786762,26.510438670708993,1.776097775654203
2001-09-05 00:00:00+00:00,25.0,A,45755.29985170178,0.0659992362783099,436.99908192704873,0.1845899729135367,24.380373965008303,6.951922489061505,627.8490971113013,5.57725398700443,10155400,0.2562824761741182,223.8409106406427,8.691717261660017,24.615571955169116,1.5083604655110356
2001-09-06 00:00:00+00:00,27.0,A,45592.46968740779,0.2198160128317549,335.6059490631867,0.1758187688247937,13.373699485759456,1.181940525536954,547.099243056137,4.557007252537392,10155400,1.722650582833514,223.4484592022357,0.12447098252511068,17.039387321050697,0.7778035975812928
2001-09-07 00:00:00+00:00,26.0,A,45429.2360097245,0.0,427.660973852595,0.1694598221256678,14.924638025597863,-1.4245248143086089,394.1638741387069,4.029450325430578,10155400,2.3640263974934177,228.1896315503669,-4.211854895908857,15.009900372298375,0.6529074043763293
2001-09-08 00:00:00+00:00,24.0,A,45265.62656362431,0.0,453.23773918803073,0.1694598221256678,13.697936203074851,-4.449937791413388,307.28818733562167,3.3395304349998263,10155400,0.0,236.25162165710265,-5.983781096777989,12.812632400488894,0.6224640502680182
2001-09-09 00:00:00+00:00,24.0,A,45101.6726158004,0.0,512.6445100430715,0.1626999467423331,21.427682477481227,-2.9231279543601167,288.6271539163211,3.9198897039789977,10155400,0.0,235.52296365247176,-3.5439509969648952,18.993359268198276,1.1118103527033627
2001-09-10 00:00:00+00:00,23.0,A,44937.402133371404,0.0,487.1852676733457,0.1466776742486493,23.78329471239708,1.6150494171909389,408.14952356557785,5.387097319658482,10155400,0.0,230.8463897481023,1.625638393090128,22.75229599665124,1.454417668481789
2001-09-11 00:00:00+00:00,20.0,A,44772.84203204375,0.0,462.7868234728373,0.1310058091712701,25.176092992358765,4.899537820158239,486.8771073639864,4.593206568071094,10155400,0.0,215.24400244852552,4.635103369466435,24.297052958641245,1.5565361380772815
2001-09-12 00:00:00+00:00,20.0,A,44608.024139181165,0.0,426.0907644237979,0.1137357363819511,24.680796434862128,6.742307592321224,592.6254412026293,4.994418439051482,10155400,0.0,143.4540396227248,8.519024071991794,23.910677736817718,1.5505445729022158
2001-09-13 00:00:00+00:00,23.0,A,44442.97446368867,2.530626000868146,309.56910004380467,0.1005236413359321,20.089797467199432,5.616232954104439,708.0999549613996,4.34903018789725,10155400,4.4514142364473335,177.83643713420025,7.135541348640118,21.790983772832362,1.1503917429599864
2001-09-14 00:00:00+00:00,25.0,A,44277.72765938693,0.0031163097044959,414.9018325358863,0.0923864454685045,21.239611722345288,4.040185588918463,534.3319983472326,4.18580612829118,10155400,2.0567801218456774,210.25088969066653,4.743335063545032,21.486074746487077,1.0572786674094234
2001-09-15 00:00:00+00:00,26.0,A,44112.303823997136,0.0,440.69750525246593,0.0840307926271894,22.028359735746985,2.8396347188241133,469.0362562397022,4.123270820456447,10155400,0.0,217.4267843116113,2.5327713793484463,21.6365132083327,1.1241109713086457
2001-09-16 00:00:00+00:00,25.0,A,43946.72570668419,4.969943248939237,303.4898595962222,0.0776173272237416,20.67734842371644,4.349704267930895,671.0388784319218,4.11522528434697,10155400,1.3706325879061536,192.82329667012704,4.62568833714073,21.310351898087106,1.1414344321639678
2001-09-17 00:00:00+00:00,24.0,A,43781.03444299824,5.924091945286097,262.0761986074204,0.0726297835072757,16.069166960917318,2.232198589318589,639.1862753131323,3.3314387668334025,10155400,6.98919559977645,189.51300635245843,3.34052365962134,17.1677793440586,0.7705677055177109
2001-09-18 00:00:00+00:00,27.0,A,43615.24366670909,0.0,417.0201306930328,0.0670788207347932,18.796768693183683,1.266802352551839,497.1757483685195,3.424178973021221,10155400,0.0,212.15417977901052,0.9480901275924793,18.9152830630307,0.8486232640419035
2001-09-19 00:00:00+00:00,32.0,A,43449.39253134027,0.0,436.3524440902577,0.0605365160891899,21.35599717427181,1.8716054477848831,494.2046894915433,4.585428469756298,10155400,0.0,210.82737603638287,2.298529751407159,21.898220216428683,1.1966549080652644
2001-09-20 00:00:00+00:00,32.0,A,43283.49951868372,0.0,423.6923148042045,0.0509295722049877,22.362705448525634,3.3892968684137315,557.9274295811225,4.547714374980823,10155400,0.0,209.87713531025253,3.5247280314176805,22.773694740490214,1.3519791801499608
2001-09-21 00:00:00+00:00,27.0,A,43117.58973370311,0.0,416.2297698581676,0.041641745100379,23.418625002803896,4.5318657590325575,605.3727935091591,4.76975672640073,10155400,0.0,205.8892200683561,4.234701161233488,23.926012324817975,1.4936906581072422
2001-09-22 00:00:00+00:00,31.0,A,42951.69628015644,0.0,431.3794811506352,0.0377674032199633,24.20001423600937,3.8886154419146473,566.1697484114212,4.136433295632022,10155400,0.0,206.1469131232436,5.4590950441882455,23.73811610214642,1.5366616482268625
2001-09-23 00:00:00+00:00,34.0,A,42785.83859341265,0.0,432.4076954938468,0.0338472957961774,25.340602732089756,4.4737395227085415,584.2981990961281,4.376241991511876,10155400,0.0,204.74822032228144,4.788548522000724,24.506403859058082,1.5997317331406635
2001-09-24 00:00:00+00:00,29.0,A,42620.05435963409,0.0,428.018193639872,0.0291517639952377,26.086060647192,5.170457805418622,616.3844826425468,4.5633828686068,10155400,0.0,203.2828071196272,5.969288846968084,25.095406482008798,1.7205125456363377
2001-09-25 00:00:00+00:00,27.0,A,42454.35754475301,0.0,414.0190261226524,0.0244201878835885,25.196552155677136,5.439664485200103,647.7792583891171,5.119562860173521,10155400,0.0,197.22815468620203,6.427806400452994,24.903228539437237,1.6812996170700525
2001-09-26 00:00:00+00:00,24.0,A,42288.78259997864,0.0,384.8490012180114,0.0201257572819798,22.63622026351572,5.117196323719687,674.6123220125903,4.758443423521388,10155400,0.0,196.6738801020967,6.733445110146704,22.931337477287343,1.4215053203535335
2001-09-27 00:00:00+00:00,23.0,A,42123.35609931249,0.0,415.2704201182453,0.0166169624802802,24.67111699608111,4.499200313542121,610.7320231268247,4.904294123920805,10155400,0.0,195.4047566655922,5.831063581412309,24.29808058398072,1.5668721578535678
2001-09-28 00:00:00+00:00,32.0,A,41958.10677304429,0.0,397.528705549276,0.012934893167584,23.80376794697881,4.8863814458494526,648.6951278466405,5.085211411783722,10155400,0.0,190.5468452545043,5.833121943657716,23.51900669629339,1.5368706828231236
2001-09-29 00:00:00+00:00,26.0,A,41793.0597909502,0.0,394.3460312360039,0.0099459185939375,23.22841518787116,4.35012360674011,632.0563621253165,3.25603996024817,10155400,0.0,161.67074195850228,5.585928954192582,21.82584794708265,1.3120090659749784
2001-09-30 00:00:00+00:00,22.0,A,41628.23969526439,0.0,394.0182443482637,0.0069569448465251,22.77966201640378,3.60075874381656,603.0037264877062,3.3551770220428074,10155400,0.0,190.0304073414203,4.047562533497398,22.269563754064905,1.2727743565764111
2001-10-01 00:00:00+00:00,18.6,A,41463.68162532806,0.0,375.8054411092504,0.0035521138425658,22.429651963346156,4.465066507223086,661.0211577188414,4.063080519486656,10155400,0.0,200.24638486110467,5.2372182516298835,22.07881211051864,1.3852444050541977
2001-10-02 00:00:00+00:00,17.8,A,41299.40734372457,0.0,363.44646266636704,0.000970333564182868,20.686228071796418,3.624453348863927,643.2988647306919,4.423120669627631,10155400,0.0,200.03875806778612,5.080199293823,19.41061513409204,1.239964064509436
2001-10-03 00:00:00+00:00,18.8,A,41135.44891766222,0.0,375.7134834382702,0.0,19.626319138585075,1.5336654357607782,552.8209473953564,4.473849261720821,10155400,0.0,197.82187408870573,1.6217900397122662,19.14557091710708,1.169952795508007
2001-10-04 00:00:00+00:00,17.7,A,40971.83688951734,0.0,365.0843406429069,0.0,18.10559580568567,0.6826080855070357,535.7233210847332,4.52139128638758,10155400,0.0,196.2313016746692,2.2928169992782728,16.992284228159747,1.0165372815644986
2001-10-05 00:00:00+00:00,16.5,A,40808.60249359538,0.0,398.24475049410194,0.0,17.15763634369793,-3.1630027414270456,391.8897052576037,3.075216744474862,10155400,0.0,196.24528261189636,-1.7550093401889626,15.797109920514913,0.8762749164518058
2001-10-06 00:00:00+00:00,10.2,A,40645.767533331375,1.0076183816877524,332.0349694335148,0.0,18.445056538801868,0.0630343272076443,505.9337978497969,3.451898535921297,10155400,0.0,163.64175640942491,0.7447814807907776,17.49960870539161,0.942982614920476
2001-10-07 00:00:00+00:00,12.2,A,40483.37147928379,0.0,342.4958134279668,0.0,17.672063083351613,1.115013689989178,514.5000815011039,3.783025468784766,10155400,0.0,188.67528788995543,2.601203917633029,17.222347649303856,0.9184560567684356
2001-10-08 00:00:00+00:00,12.1,A,40321.44296671202,3.455047818400526,217.66192365823403,0.0,12.263236579455944,1.1387214683233526,599.067800348558,3.593383315342337,10155400,0.2547225768207681,154.89185887839696,2.080389227414855,15.698485841258218,0.7950945844987412
2001-10-09 00:00:00+00:00,14.1,A,40160.01619224793,10.444813746575896,205.01061536530284,6.404306412715377,4.607941952625505,-6.15771223364213,396.6793716684055,2.132279005839713,10155400,11.596575519631832,139.27122542954348,-8.526786914055435,8.85254748136424,0.3439243653885084
2001-10-10 00:00:00+00:00,12.5,A,39999.11897820233,0.0,368.7577827446399,6.404306412715377,7.618768534783791,-8.36332394029025,279.41786983254246,1.7118488348298129,10155400,0.0,188.38708108850744,-9.64023680843593,4.887092090455894,0.3141534240049896
2001-10-11 00:00:00+00:00,9.97,A,39838.78798376719,3.8991303434867537,207.12699122278968,8.446177050407774,5.2006399988901695,-5.794658573777407,395.5163369446093,2.710847967869554,10155400,3.09265508107768,131.09595379354306,-5.8947466120716285,8.060880676057025,0.443478463036945
2001-10-12 00:00:00+00:00,9.1,A,39679.05516006278,0.0,328.2494501695404,8.446177050407774,5.112677401974443,-8.437993030540689,304.5365683152279,1.919947246974956,10155400,0.6502630478374493,173.36539881281178,-9.53450161747827,4.418713694350913,0.296096557790371
2001-10-13 00:00:00+00:00,7.59,A,39519.95311275748,0.0,216.6738483096492,7.158214627244222,8.891655130288072,0.2083968683716824,605.3296580323538,2.648647360456786,10155400,0.6973274732631111,162.78648375426118,-2.486397847356045,8.220644200943639,0.4193913591660964
2001-10-14 00:00:00+00:00,7.12,A,39361.52085401283,0.0,321.6310141608841,6.1295204368593605,12.191316647495652,-1.7204215214708487,460.7024933191606,3.3839011229921283,10155400,0.3205882932366782,176.72016718173873,-3.4676617202687794,11.20187949808627,0.5840172774347049
2001-10-15 00:00:00+00:00,7.14,A,39203.79480027915,0.0,382.86693907617706,5.7554069290383385,14.32857656230183,-3.629253900580112,360.79514736436977,2.160774291226548,10155400,0.0,178.85626647016386,-4.320725401128868,11.42393511688465,0.6123389897387217
2001-10-16 00:00:00+00:00,7.68,A,39046.810861866514,0.0,393.0710137257795,4.854521217099309,17.850797239158645,-1.8825670711780664,388.9461949562354,3.059232612577218,10155400,0.0177974978304838,166.81580907628978,-1.467498205636332,16.59174468358418,0.9559559944835628
2001-10-17 00:00:00+00:00,7.59,A,38890.60603859316,0.0,339.48170213069244,3.427866115513142,16.551123009982515,0.6928118795712841,516.7700604311926,3.8544310531555057,10155400,0.0,156.4037116961822,3.2111486591819016,16.606145106564156,1.0370129968274835
2001-10-18 00:00:00+00:00,7.4,A,38735.21412524,0.0,301.7481047399454,2.5645812985641907,12.334124175505458,-1.4234980798572188,486.60991397047417,3.1966684442015114,10155400,0.0,173.98759185296447,-1.859829961856292,10.475919067783195,0.6872124871260193
2001-10-19 00:00:00+00:00,8.08,A,38580.67996936091,0.0,346.3316749569537,1.7091046389539606,15.263441959203554,-1.7327932572593363,436.9428334707386,3.154075309317068,10155400,0.0,168.07979112161905,-2.6217269666992706,13.441808980423161,0.7548412640595147
2001-10-20 00:00:00+00:00,5.12,A,38427.04566327033,0.0,343.2512916568469,0.9126791005564756,16.258640219177558,-0.9340223203343464,461.9832427476408,2.915553025544518,10155400,0.0,138.61174304217926,-0.03335833096605256,14.012663041315022,0.8046612347230477
2001-10-21 00:00:00+00:00,5.14,A,38274.34652907116,0.0,290.8749691072605,0.3602926715063471,13.869353392519068,-0.367834471692233,528.0507139991064,2.720686480387913,10155400,0.0,131.17469119905053,-0.25729938040996103,14.854515988184914,0.824333625827602
2001-10-22 00:00:00+00:00,4.8,A,38122.62643906654,0.0,233.03547549525047,0.1122842166346468,10.381164025550326,-0.3710992659620676,568.8884722518319,2.8599061366948413,10155400,0.0,111.1379587896582,-0.9280529431858326,10.379735830804236,0.5977288802905562
2001-10-23 00:00:00+00:00,4.83,A,37971.92593884901,2.34350063611537,231.05428500353332,2.1043068174387045,6.77953475428967,-4.378567444106262,452.1622301907368,2.43019945793505,10155400,1.8603860264912824,80.31502860181773,-5.51744860915818,7.669720662567045,0.3705800311560304
2001-10-24 00:00:00+00:00,4.6,A,37822.2941630899,0.0,268.66633303679936,2.1043068174387045,4.036252750240768,-7.617320239187514,340.7638009877765,2.175555336191409,10155400,0.0,161.6159674322592,-8.565411162384123,3.441769760763634,0.3819105544192738
2001-10-25 00:00:00+00:00,4.6,A,37673.77246541132,0.0,333.7727391400396,2.1043068174387045,9.761630460490755,-6.724462527782402,331.86651285161577,2.138092391093679,10155400,0.5490340331892165,156.74321793684288,-7.973553761899893,8.557152559149927,0.5351407541338052
2001-10-26 00:00:00+00:00,5.79,A,37526.40114695662,0.0,356.403025471285,1.902275336353489,15.004264013681068,-4.41531238377433,365.7769571974615,2.1956630522529683,10155400,0.0,154.395010212994,-4.030156843308987,13.669099872095444,0.792707630612374
2001-10-27 00:00:00+00:00,8.6,A,37380.22909272057,0.0,338.7265292654629,1.2867415813362038,17.0084388166809,-1.352118171487439,462.82039800488064,3.4608266797508365,10155400,0.0,144.6309743801647,0.7359934357706379,16.061741371037442,0.9535488294606148
2001-10-28 00:00:00+00:00,8.26,A,37235.31078736357,0.0,267.45921106255065,0.4040341569647731,17.002391432195175,4.341616560741946,778.0816055868075,3.202388478638921,10155400,0.0,137.15915212816157,3.3493754556855038,15.576963048476955,0.8658113000383566
2001-10-29 00:00:00+00:00,8.01,A,37091.68208611681,0.0,277.62820469057226,0.0940688899985086,16.72958843927151,2.9969134054617155,689.4004125058699,2.734247546134316,10155400,0.0,122.24299895903312,3.3066702417542615,15.251233700582759,0.8559492504050309
2001-10-30 00:00:00+00:00,9.0,A,36949.40343167388,12.496316962823268,178.77515403032132,0.0126500958688863,13.58292436331769,2.251345887702378,714.5583392941189,2.6714909209256583,10155400,10.513561620461076,82.20630065819593,2.7076661297177225,12.499680814407725,0.5947570201051516
2001-10-31 00:00:00+00:00,11.9,A,36808.518375363565,12.352676736527952,109.07930552995543,0.0402121586940348,5.33074005120525,-0.8918171855706036,581.1581401315876,1.4212551456190872,10155400,14.904627649181885,81.06553599479447,-3.217378554211507,6.485972241342608,0.2197136357906927
2001-11-01 00:00:00+00:00,8.69,A,36669.07075909217,0.0,246.80771834484915,0.0402121586940348,7.645459349785376,-3.569031846601453,474.29603619028313,1.409639096001536,10155400,0.0,117.26468060048478,-3.7881670347122167,5.8525646053722085,0.2637758635266007
2001-11-02 00:00:00+00:00,7.64,A,36531.12339652275,0.0,310.08201796846566,0.0402121586940348,11.643314731657412,-4.729511271260447,426.8103773479668,1.5254076228735916,10155400,0.0,150.49878417213702,-4.632480514373469,9.715243097689836,0.496184009867101
2001-11-03 00:00:00+00:00,7.28,A,36394.72368579087,0.0,322.83450437164765,0.0401687445527204,14.363893872994415,-4.1620075215986745,438.846843156951,2.208598804139526,10155400,0.0,152.06617598629958,-2.696351240215506,11.697253748062451,0.7123367567293243
2001-11-04 00:00:00+00:00,7.0,A,36259.92550271164,0.0,317.6843840524,0.0344803920474931,15.31906207244095,-3.201403109986592,468.772160490727,2.3066354703805945,10155400,0.0,148.30170497426425,-2.1491170529932333,13.06627528191376,0.6992669702551594
2001-11-05 00:00:00+00:00,7.12,A,36126.77546898372,0.0158988544515449,247.0560339078081,0.0248661854929164,12.914069985572612,0.8021073607540912,646.9609621125174,1.5871610405336758,10155400,0.0,83.78565277152543,1.1490339678964574,11.546554612355237,0.4848133917969527
2001-11-06 00:00:00+00:00,7.0,A,35995.33656141725,0.2308314766962506,227.21767472828367,0.0188242780873098,12.495384438731858,1.512132641155129,682.0660776874527,1.7337500710757914,10155400,0.2541414990575174,106.43298219412088,1.8919263949701417,11.007346167382764,0.3952112784618128
2001-11-07 00:00:00+00:00,8.58,A,35865.66040692524,9.38806780187908,148.25919217872908,2.0431429771965406,6.346584507077896,-2.253733588700143,533.4414156508522,1.1213431103987277,10155400,7.970399219161333,94.90242977175518,-3.9661668399816676,8.059116297977084,0.2050189886674338
2001-11-08 00:00:00+00:00,7.56,A,35737.802423285524,0.0,294.1549035946478,2.0431429771965406,8.325655432480158,-7.086431542143952,362.5852542291392,1.5971567223176106,10155400,0.0,143.68779363421368,-6.321800199698146,8.762583298567847,0.4108916018088721
2001-11-09 00:00:00+00:00,7.0,A,35611.8150385487,0.0,297.1300926586486,2.0042358851739017,11.21693708117812,-4.876969697991154,424.84545384341095,1.7097100744734792,10155400,0.0,140.89074090429042,-4.750183066383556,9.387604347175682,0.4434207902063059
2001-11-10 00:00:00+00:00,6.92,A,35487.757217654,2.1457724635031648,154.4667530088921,1.9787925688751729,4.74669229102423,-3.3958635403885875,477.6559184146829,1.1389756883528446,10155400,2.7013625387705056,102.17947284456648,-3.37438634350832,7.551698497092502,0.2813493733496618
2001-11-11 00:00:00+00:00,7.0,A,35365.68987124688,0.0,256.9185529637173,1.9425388413012363,9.04715806981484,-3.8749142253859503,459.57780428285446,1.253627115953463,10155400,0.457350695544812,106.59526633660116,-2.790126101194403,8.078870374887344,0.3020626880125339
2001-11-12 00:00:00+00:00,7.0,A,35245.66120876556,0.0,210.3652422912438,1.6862570894962656,9.344437995405771,-0.8569018368411587,575.7118103259277,1.467927388667076,10155400,0.0,133.03640521608014,-2.3235660431730594,9.342314839722121,0.3688423203262851
2001-11-13 00:00:00+00:00,7.78,A,35127.739083657456,3.367508312209337,142.4082861299526,1.5548936884118243,6.865976408366393,-1.85243675811236,537.2946221168578,1.3099503642473087,10155400,2.258089361802232,115.51222371152151,-3.4504012080646476,6.631649759748768,0.2941061957804255
2001-11-14 00:00:00+00:00,9.23,A,35011.981378935765,0.0042172770176544,238.7754093943899,1.5548936884118243,7.18293747958293,-4.369616358277177,447.5146177586842,1.0376614783553315,10155400,0.2942683701409053,131.9793341983621,-5.996123921803758,6.957817066741825,0.2615542219417138
2001-11-15 00:00:00+00:00,11.5,A,34898.43615373848,0.0,294.57383044612243,1.5483535995185846,11.73246142169749,-5.47442668073246,406.8053292896583,1.2519608802728197,10155400,0.0,131.6098534084602,-4.564117335525509,9.486135153716475,0.4488723635506741
2001-11-16 00:00:00+00:00,11.8,A,34787.16927191619,0.0,291.3541453638855,1.4413417868128495,13.029852649027728,-4.266282032320416,445.121384630733,1.5048008333308815,10155400,0.0,131.97151183224747,-3.9732985254416917,10.217354088279706,0.5865334134315444
2001-11-17 00:00:00+00:00,11.0,A,34678.2331504792,0.0,270.1141301657904,1.3522151360465249,11.09253426609669,-3.993563205322462,454.5546825206105,1.636843790049332,10155400,0.0,120.36417431407013,-3.687655687040035,8.797241350266006,0.4456854626623417
2001-11-18 00:00:00+00:00,11.7,A,34571.69019641894,2.8660428475907818,183.4153741234306,2.935822200169316,4.949980327119249,-4.974230519065421,432.750282076816,0.9976103326180252,10155400,2.062212337712851,114.83888880718774,-6.3294035191129865,4.860923044005403,0.2199106763961348
2001-11-19 00:00:00+00:00,12.0,A,34467.597875751875,0.0,286.492021728483,2.935822200169316,8.974764752020667,-7.409296297143271,351.94779244587767,1.3131591310394106,10155400,0.0,131.06669490368162,-7.040827911307417,6.918476547212265,0.4315603219604679
2001-11-20 00:00:00+00:00,12.4,A,34366.01647646372,0.0,283.67689010762325,2.935822200169316,9.762805114488966,-6.688930410654485,370.0259263917687,1.4925511498513695,10155400,0.0,126.53106101051202,-6.489458465288976,6.90241049056192,0.4499841051777712
2001-11-21 00:00:00+00:00,13.0,A,34266.999013215354,0.8829165993418961,206.2019639652081,2.71489578450404,7.367609896276301,-3.5196240041731954,470.61691947777206,1.6078668026804197,10155400,0.0431645178464733,98.6919446013452,-4.8483644789065465,5.74033701417892,0.3342215822596104
2001-11-22 00:00:00+00:00,18.8,A,34170.607627621044,26.39874392201316,127.19851914298908,12.388450526120208,3.175341350138696,-4.444264613340394,445.6908678454464,0.9628274977206857,10155400,18.988848721078444,93.64711808738062,-6.245136954685847,4.551709072432914,0.1380599355125387
2001-11-23 00:00:00+00:00,16.4,A,34076.89323459956,10.055261170481888,138.75918795971594,20.397690463830862,-0.665593134364708,-8.528744987367137,329.1256774105157,0.4979349243718018,10155400,16.979604139997544,74.66483283777384,-9.835838584933697,-2.1839238847724687,0.0583165177679893
2001-11-24 00:00:00+00:00,13.7,A,33985.914888541745,10.67820238848705,207.39023649370864,31.07596592375007,-2.3740531271024783,-15.44635196754894,188.1366219480632,0.5413944534539105,10155400,12.2851597835857,96.37939291854458,-14.17580692539235,-1.9252733924616905,0.0688877669569088
2001-11-25 00:00:00+00:00,13.6,A,33897.73009126687,15.9734313618665,122.63185391960472,47.04928799316082,-3.441579584737722,-9.971925166716794,287.807158384308,0.5093375828338432,10155400,17.80151405260919,106.8108340543142,-12.346423193623536,-1.59295855915218,0.0592928891039367
2001-11-26 00:00:00+00:00,14.5,A,33812.389054268075,2.040731316910432,232.0167579178253,49.09029304434189,-3.4203183213942103,-14.773968601274792,200.13573647688295,0.3900918282297022,10155400,5.135628147503057,107.96890804422834,-15.241650174474785,-5.74332608477016,0.0460864424953105
2001-11-27 00:00:00+00:00,14.2,A,33729.95031450269,0.0,287.96657860625965,49.09029304434189,-4.783948276391791,-18.735887787231423,143.97518600517037,0.3673111692717054,10155400,0.6433761514620284,98.20892514313924,-19.047738511661606,-6.6590092806902135,0.053006496413605
2001-11-28 00:00:00+00:00,13.6,A,33650.46056673604,1.7329163047688951,282.8126124160693,50.82326727389069,-4.319426985360749,-20.30120432192294,122.19228509846108,0.580990810707112,10155400,0.4863513607181003,109.5158472960978,-20.43019683315387,-4.605736577649452,0.1071254722912814
2001-11-29 00:00:00+00:00,14.5,A,33573.976238517665,7.435476634395243,120.09851374263626,58.25891184919206,-4.313996125119141,-10.534426885669763,274.7757047789629,0.4375073728866442,10155400,10.369068514574773,97.32954841345472,-12.453776854709417,-3.592243490869521,0.0531214828757721
2001-11-30 00:00:00+00:00,15.0,A,33500.54682135743,5.407251384413397,164.24749332121965,63.589317046233454,-2.17816581002623,-11.2942607355579,262.48204556063706,0.4895451365527766,10155400,3.238180347754348,83.91369816652502,-13.436246021094234,-3.551213349848581,0.06599392663301
2001-12-01 00:00:00+00:00,14.6,A,33430.21854143988,7.535526386967171,208.5034069432652,71.12517619866328,-2.808411961893066,-15.073570628862692,190.033977277711,0.6673417913293469,10155400,5.927268061356142,102.78944191153668,-15.221566271661288,-2.363634456954344,0.1055020730860375
2001-12-02 00:00:00+00:00,15.6,A,33363.0412025388,5.730412889549814,100.19729449116944,72.61497646998299,0.2858860265638976,-5.024642894456754,422.0207130306299,0.8705689542455373,10155400,7.102201310761097,90.59767321159184,-6.780152064361914,1.4330198687504776,0.1359280023926573
2001-12-03 00:00:00+00:00,20.3,A,33299.05938678137,6.173198593965203,109.93350908976156,75.23716466916741,0.2755079787800646,-5.325102947420414,414.1069439392486,0.7928515772770081,10155400,4.865417223705581,79.61066420057327,-7.423705203169391,0.5339071332721801,0.1297733260305257
2001-12-04 00:00:00+00:00,21.0,A,33238.31805454239,8.26419481134062,167.84013901921918,82.94010759205457,-2.5687659709415205,-11.423942349019088,265.7830793393469,0.5304901508853578,10155400,8.782419668398083,95.43133017725393,-11.730384660306754,-2.3111370270090106,0.0857213992733354
2001-12-05 00:00:00+00:00,18.6,A,33180.85707644984,8.582799337295661,214.6234396785755,91.52295111430251,-3.2619977062066794,-15.901541129648768,178.71858865890397,0.5952238796029169,10155400,6.349934743763692,107.19480813769032,-15.94709891169083,-4.25032007279907,0.0829339089589503
2001-12-06 00:00:00+00:00,19.2,A,33126.7278358798,17.200812402325173,120.08395272113763,103.42305016918604,-0.4470342990653406,-6.450386314465652,378.2111849419976,0.9091639679128134,10155400,13.326551466543313,86.53949938861702,-7.5243405859678205,0.30640841857552914,0.129433655418782
2001-12-07 00:00:00+00:00,19.7,A,33075.95623667746,8.245084229577744,179.04751328091172,111.5298354675016,-3.6577032161925302,-13.032291804074251,232.61023008921916,0.692636240115823,10155400,10.874507922757829,75.76025154311901,-14.443533666291728,-1.823239017737592,0.1029284190825019
2001-12-08 00:00:00+00:00,17.3,A,33028.584493421804,0.5118337507811191,322.1539173993839,112.04168345130287,2.691786060790329,-15.485091410612418,183.274904746204,0.7734061320582662,10155400,1.4130717265471395,109.81232695710388,-14.728085328330167,0.22443623995087592,0.2233559399907102
2001-12-09 00:00:00+00:00,15.4,A,32984.64516252144,0.0,290.2253268697109,112.04168345130287,1.492450484451704,-11.638967099539457,251.53587042438795,1.117902963739051,10155400,0.0,109.85316172756256,-10.058840387449322,0.7344748468521516,0.2838688113194643
2001-12-10 00:00:00+00:00,15.0,A,32944.17021149382,0.0,275.9174555291579,112.04168345130287,-0.2124118526032127,-12.264866948135454,238.7213077346176,0.7997556391765583,10155400,0.3821399294439088,103.73755268058004,-11.068230049224155,-1.3435881783491936,0.2096102471697708
2001-12-11 00:00:00+00:00,15.1,A,32907.19608253819,0.0264874959756948,247.0537141203284,112.06812618137782,-6.006934500079934,-15.956964732678138,179.55240186918857,0.4275300577466352,10155400,0.7377772107012021,92.60423908693596,-15.016561071472722,-6.708858646693159,0.0763577411770529
2001-12-12 00:00:00+00:00,16.0,A,32873.742077767514,0.0,254.51940975552893,112.06812618137782,-6.851202105448549,-17.430082227274287,158.46120502820904,0.4526731061753751,10155400,0.4906308229026301,93.69761439015048,-18.150280528539326,-8.100612415586795,0.0786641123035874
2001-12-13 00:00:00+00:00,15.4,A,32843.83631077283,1.798425464534567,273.2437232036812,113.86642444985551,-2.486165319238719,-17.513043610633982,155.4524655901902,0.60532847151219,10155400,0.9812116577631304,71.7101228712543,-17.7593613390095,-2.86337920871091,0.0960048012002417
2001-12-14 00:00:00+00:00,16.0,A,32817.50338834802,3.1883482013467703,178.65079203164393,117.05466530950407,-1.3353732538061016,-10.056241396179582,285.3112359113552,0.6477087951601992,10155400,3.258499987704852,89.73333052146074,-9.65737867384388,-0.9461631762539469,0.1136578173624753
2001-12-15 00:00:00+00:00,15.9,A,32794.76203846034,2.024301803222323,232.87027442553835,119.07897753235108,-7.687037302569284,-19.345034395675874,140.81667812956402,0.5126980856842649,10155400,3.432055536024371,87.55742057138896,-17.90809381072566,-6.391076958289091,0.0846657361222857
2001-12-16 00:00:00+00:00,14.0,"A, e",32775.62244773552,0.5980413135702484,313.9582326181269,119.67694519125445,-1.7871184130150333,-20.72376862198998,117.45964040376953,0.5809390575322955,10155400,0.0,89.07388833617962,-19.04635319024709,-3.4652409008621134,0.1234401184396185
2001-12-17 00:00:00+00:00,16.0,"A, e",32760.11520784036,0.0494966063169461,280.56886094577845,119.72645758851692,2.254403852865579,-10.881353067561143,267.1827110629599,0.9190421767810684,10155400,1.67072554516435,92.44304634635776,-9.83851787930979,1.4136832584792955,0.2058151083545037
2001-12-18 00:00:00+00:00,18.0,"A, e",32748.235435597115,0.0,273.8888786659907,119.72645758851692,-0.8799657215227012,-12.99939530839544,227.09174123802703,0.6514282077456447,10155400,0.0385305414820497,99.725419471553,-13.765297951575747,-3.0728746424389897,0.1331197410489479
2001-12-19 00:00:00+00:00,16.0,"A, e",32740.001244573607,0.0,278.41044690481766,119.72645758851692,3.128393986804339,-9.545027295598958,297.8568399316833,1.0057406826267576,10155400,0.0067893475837226,67.79484093653369,-10.411386789975495,1.0291190252249294,0.2342975999752661
2001-12-20 00:00:00+00:00,16.0,"A, e",32735.4138638214,0.0,259.8200373707983,119.72645758851692,0.856869359857908,-10.047241051250827,287.0234510787736,1.4519221604601589,10155400,0.0,98.6124960576475,-7.671752283883052,3.13823621583515,0.3378736373237438
2001-12-21 00:00:00+00:00,17.0,"A, e",32734.485715836832,0.0,267.5728185349613,119.72645758851692,-1.1108538385929592,-12.433976318784229,240.23559892537168,0.7639276256845091,10155400,0.0,76.99490284691197,-10.869036758199627,-1.8076365601386897,0.1427393402005213
2001-12-22 00:00:00+00:00,17.0,"A, e",32737.21114371145,0.0,270.71412529284777,119.72645758851692,-3.232718049739118,-14.88089956127945,195.32558611353676,0.6188657267843276,10155400,0.1002878333081105,105.73843734031848,-15.067421371956073,-5.642577196643288,0.1111797528570266
2001-12-23 00:00:00+00:00,15.0,"A, e",32743.58820011169,0.0,311.26761924093734,119.72645758851692,-1.568358807972728,-17.84576251605874,150.40332006604433,0.8827195315804198,10155400,0.0,107.03856613129476,-14.848898424262586,-1.8391111260071966,0.2271023775541346
2001-12-24 00:00:00+00:00,14.0,"A, e",32753.61307803443,0.0,301.69647482133286,119.72645758851692,-1.2145260153859505,-16.18468571964833,173.3504931552328,0.9613873207171046,10155400,0.3304703074161035,107.98773478502332,-13.516090187228201,-1.9405845962320996,0.2350890484455025
2001-12-25 00:00:00+00:00,14.0,"A, e",32767.28014269519,0.0,303.1527657760038,119.72645758851692,0.6919222038975872,-14.76147485476952,195.30356504400177,0.9901281832090384,10155400,0.0,107.55920610382968,-13.41023337342375,-1.00078713242101,0.2648161505968093
2001-12-26 00:00:00+00:00,13.0,"A, e",32784.57291859815,0.2224197911082258,298.1396586871853,119.94888342988465,0.673061850988564,-14.634793087480436,197.3760760565691,0.8643176096924791,10155400,0.071262264273492,104.88072038051644,-12.04892566692422,-0.35224642807150985,0.2730378964221913
2001-12-27 00:00:00+00:00,15.0,"A, e",32805.48399911958,0.0,229.87821259564316,119.94888342988465,-1.482308688547336,-10.890446067836685,266.4287990414217,0.6487729182592519,10155400,0.3556867308243491,105.3321311341476,-11.648791263702208,-1.5351474584615517,0.1437081755706578
2001-12-28 00:00:00+00:00,15.0,"A, e",32829.9896424355,0.0,247.4775416592769,119.94888342988465,-0.565359934409897,-11.072829905317024,262.72205810242974,0.7320517817942946,10155400,0.7251875021487956,92.21918681653086,-11.640092004158134,-0.6354316027807272,0.1301960236619823
2001-12-29 00:00:00+00:00,16.0,"A, e",32858.0787817612,0.7202288518670718,241.12048308236731,120.66911570173822,2.238675984408459,-8.967598502314146,310.3943356430824,0.5655539832477953,10155400,0.001360868120047,94.05495410564652,-10.91165406543871,0.39359328882125055,0.136434632098569
2001-12-30 00:00:00+00:00,16.0,"A, e",32889.73431534709,1.1608937516267863,188.09685660697053,121.83015330501009,-0.6834161297923073,-8.889449249112044,315.0217965580168,0.5196094084858974,10155400,4.887593016392004,90.49274496819896,-9.3001745850965,-1.1303363004382732,0.1057025335814751
2001-12-31 00:00:00+00:00,16.0,"A, e",32924.92009889494,0.2805284220826347,254.17015894229027,122.11068237523575,-0.1758280919414632,-11.436690981273829,258.02602810615315,0.5309824432485422,10155400,0.2179220599054197,87.57502504804829,-9.628806249504123,-1.3741865171677432,0.1229065708876564
2002-01-01 00:00:00+00:00,15.0,"A, e",32963.79372412921,0.4056895678889978,253.0263595015783,79.68723391215612,-0.8561214744808984,-13.597513595346328,222.0808900569629,0.5424070476448525,10155400,0.996147557183661,107.6823778623854,-13.675943501088511,-0.9526788351086566,0.1202221085585906
2002-01-02 00:00:00+00:00,14.0,"A, e",33005.99074266971,0.0594943491830241,291.4886568536027,79.74679991686716,-0.159558703428285,-16.08614458035335,174.54315433008935,0.8389909952249364,10155400,0.0,108.4207452876683,-14.526862524692262,1.1793894032332446,0.2520186676550413
2002-01-03 00:00:00+00:00,14.0,"A, e",33051.63711751878,0.0,229.25442799798705,79.74679991686716,0.6976466477403852,-10.142444699567124,283.50811679034734,0.8257755615320144,10155400,0.0884404541595544,87.5856641507181,-8.308418124717605,0.9103152986995724,0.1782413306564884
2002-01-04 00:00:00+00:00,13.0,"A, e",33100.69884540319,0.0,236.8213084287289,79.74679991686716,-3.104828767818744,-14.074655526639413,208.81452852096555,0.5681419391517667,10155400,0.9775171153445478,104.04543478934278,-16.015901161551255,-3.216097666083158,0.0978823255573271
2002-01-05 00:00:00+00:00,13.0,"A, e",33153.14051954561,0.0,288.0293139753548,79.74679991686716,0.949020261697846,-14.253126052682134,202.93342421937996,0.9685762115478516,10155400,0.0196511857927626,104.93000385427106,-16.301189077727884,-0.24413784908574598,0.1944521692450335
2002-01-06 00:00:00+00:00,14.0,"A, e",33208.92429103124,1.6171780024491509,189.98394797289885,80.74373561504511,2.2220886751145468,-7.021259064721251,361.4112768106378,0.8171183026085792,10155400,2.557308718786251,60.55510991376243,-8.418547046378137,2.7122128224504536,0.1478178288194644
2002-01-07 00:00:00+00:00,15.0,"A, e",33268.01649363156,0.0,203.07285293697785,79.54195930381469,5.927043797816949,-3.1394316107337743,485.0677566707109,0.9956418044704408,10155400,0.0,108.61845500050966,-3.1403013073925194,4.431740493325549,0.2209089942768261
2002-01-08 00:00:00+00:00,15.0,"A, e",33330.36720087058,0.0,250.86012950580908,78.59926759554449,8.260730703555572,-3.754723944398324,462.9803147300423,1.1867810523689255,10155400,0.0,106.34288598088024,-3.18021983528854,5.7882622857586625,0.3370739222266685
2002-01-09 00:00:00+00:00,16.0,"A, e",33395.9375733193,0.0,238.44886772522727,78.22748058616207,4.789854005336686,-6.099931340544857,391.9900968646746,0.8443340972413882,10155400,0.0,102.28883992448829,-8.73549089321915,3.3474848446868464,0.1979653553698001
2002-01-10 00:00:00+00:00,15.0,"A, e",33464.681878851254,0.0,274.5976239342233,78.22748058616207,2.437104844864109,-10.856173164778337,268.5400070642141,0.9359221072796776,10155400,0.0,118.03932067427326,-13.352671874149053,0.634071518631913,0.2381002000856026
2002-01-11 00:00:00+00:00,14.0,"A, e",33536.55536840715,0.0,246.2420879517754,78.17665116468528,5.098722903772982,-6.294889679652695,381.9834541907778,1.1850009021540628,10155400,0.0,109.83512155811344,-9.790935702274396,2.7408738445645326,0.3211190453719605
2002-01-12 00:00:00+00:00,14.0,"A, e",33611.50537559604,0.0,282.81640801646137,78.17665116468528,6.2121122778750175,-7.62420699117216,345.02496762444287,1.5197632573346294,10155400,0.0,103.80944503924916,-9.09459770035312,4.115719875574769,0.3139591126319753
2002-01-13 00:00:00+00:00,15.0,"A, e",33689.48334770907,1.1202046614025576,244.00645944172075,79.29664802197901,-3.4026925608809084,-14.941008111325496,201.95100896134423,0.7934667892970162,10155400,0.0,120.90882884004756,-14.423775628143858,-3.8827995531129886,0.1282778207681938
2002-01-14 00:00:00+00:00,13.0,"A, e",33770.443369167115,0.0,329.1934025773694,79.29664802197901,2.03022569787774,-16.44634356690023,170.37545119769618,0.9499682312168276,10155400,0.0,118.77367482907312,-14.839124405917119,-0.5512092298232574,0.2360878302923892
2002-01-15 00:00:00+00:00,13.0,"A, e",33854.32895661436,0.0,304.9041833373709,79.29664802197901,-3.5713504054070047,-18.4086676381948,144.6513559443591,0.7350762984961006,10155400,0.2219831297091687,82.53764077950171,-16.81502429783569,-4.100837896894461,0.1280998026273204
2002-01-16 00:00:00+00:00,13.0,"A, e",33941.08270886533,0.0,321.5722171252684,79.29664802197901,-4.817241291074934,-21.329104862585837,113.20106017779308,0.5580471596827673,10155400,0.6328106492895488,124.82327330777744,-19.85821598249683,-6.849760142299431,0.1096091490233439
2002-01-17 00:00:00+00:00,12.0,"A, e",34030.6608952874,0.0,311.5285955344567,79.29664802197901,-5.125076868176501,-20.19167305507822,123.20938280700852,0.529160901161873,10155400,0.0123107984704402,114.23736610344554,-18.997079127459187,-5.523408671274865,0.0996730340808364
2002-01-18 00:00:00+00:00,13.0,"A, e",34122.99990749699,3.134469992193662,162.0649730780754,82.43096802158901,-10.36912291102846,-18.962716176336595,137.33837371893236,0.5639144012035245,10155400,3.157907854806824,71.64295090309878,-19.22534869594415,-8.157337962122199,0.079247878604549
2002-01-19 00:00:00+00:00,12.0,"A, e",34218.04868230308,3.555584588851532,284.14351087049624,85.98688043238269,-2.9002077811067704,-20.72682900693263,117.59088683950938,0.82054321296868,10155400,1.8356253289855364,110.67992178950036,-20.418210887725053,-3.2758604041391095,0.1591204150957107
2002-01-20 00:00:00+00:00,14.0,"A, e",34315.75044764629,0.3997888682997481,233.23164974209257,86.38666611357507,-4.251997408837202,-13.898947591416295,210.49902535905855,0.631131529339741,10155400,1.2412771828935472,110.67501187221032,-16.775214366497664,-6.204632174244637,0.0848100731175092
2002-01-21 00:00:00+00:00,14.0,"A, e",34416.044956879494,2.713898143593783,207.6970210723957,89.10068511488811,0.8888246082542582,-9.478719387214516,298.0082434200751,0.9980751881994456,10155400,3.559807738081475,97.64177425715005,-11.569479207733991,0.45452609080786033,0.1475777400880191
2002-01-22 00:00:00+00:00,14.0,"A, e",34518.87703205701,3.566846150201906,265.1185238004574,92.65598821427126,-2.872202524798745,-18.6151223012194,154.7993384428795,0.8805994362444517,10155400,2.9444869392687343,89.95528305049304,-18.548611582715267,-1.1761213506974855,0.1381942957153395
2002-01-23 00:00:00+00:00,13.0,"A, e",34624.18969387867,0.0,313.41320572327635,92.65598821427126,-8.070256460136608,-21.766573593720125,108.25632787733124,0.5736934099711287,10155400,0.0,104.48752505258445,-20.94170844002548,-8.632234448852898,0.0922274756725554
2002-01-24 00:00:00+00:00,13.0,"A, e",34731.92689114996,0.0,357.55870966674945,92.65598821427126,-1.045657313812966,-19.10845148156683,134.97068559310094,0.802290970744087,10155400,0.0,132.53806268335046,-19.913487673614384,-2.4314343617880354,0.1451924604756207
2002-01-25 00:00:00+00:00,15.0,"A, e",34842.02576444335,0.8606704961859655,339.42800042596883,93.51667544170458,5.688099124860572,-11.668164349300756,250.5144354675421,1.69120082529285,10155400,0.0,134.93999476642625,-10.58833688540716,3.333263606072137,0.3385262885771125
2002-01-26 00:00:00+00:00,17.0,"A, e",34954.4300267885,0.0,252.52688550182103,92.93093986801864,4.384611940647525,-5.546892093009862,412.4580994789382,2.052928055986493,10155400,0.3974425394429102,127.77217341051404,-6.65000329650627,3.316797359836187,0.3746032870503264
2002-01-27 00:00:00+00:00,16.0,"A, e",35069.077669185834,5.048466008666128,121.80034161700448,95.47680158089072,0.296131555449644,-5.516055973182539,409.5838356611449,1.5063166806519048,10155400,3.7996729863476055,114.3185438557998,-6.0952349779837505,0.6220376850874345,0.2548312044341805
2002-01-28 00:00:00+00:00,14.0,"A, e",35185.919791809254,12.551976875738566,229.4293454507362,107.7808894532042,-3.6334788158565616,-15.972824325248524,190.45611778110768,0.9162436347439478,10155400,18.12702517348384,112.3346182482408,-13.951118046400495,-0.8208304888924545,0.1256291842975672
2002-01-29 00:00:00+00:00,12.0,"A, e",35304.89268043861,0.0,373.53108863535385,107.7808894532042,-5.301009640709181,-22.654945252110345,100.06115158091232,0.5428708483386012,10155400,0.0,122.34959582923436,-22.446126031954805,-8.24646649935056,0.0913231672031866
2002-01-30 00:00:00+00:00,13.0,"A, e",35425.937255224,0.0,365.3831956800824,107.7808894532042,-9.722217075192026,-26.01805439000388,73.09468388435711,0.6371687660992063,10155400,0.0,148.3628275759242,-24.657114737951076,-10.708422021617992,0.1060183044655141
2002-01-31 00:00:00+00:00,13.0,"A, e",35548.99753598504,0.0,363.6139596824335,107.7808894532042,-6.618730395801081,-22.3717395298156,101.53032975915472,0.7230163774443491,10155400,0.0,140.92982852328484,-24.178683571822972,-5.2532813774563465,0.1289441716302401
2002-02-01 00:00:00+00:00,13.0,"A, e",35674.01539541313,0.0,395.1251505227685,107.7808894532042,-0.6568990913629771,-20.12036612848792,123.77676098881706,0.9999266103363996,10155400,1.8483122127955505,145.23364259770094,-20.336973038342705,-0.04854704247634345,0.2327550350190493
2002-02-02 00:00:00+00:00,13.0,"A, e",35800.94049216832,0.0,394.3094230707324,107.7808894532042,0.9119916381628388,-18.352678573067266,144.20569079464124,1.0281018817084238,10155400,0.0,151.43521131967057,-16.227644836734385,0.4685731122398238,0.2671713626540599
2002-02-03 00:00:00+00:00,13.0,"A, e",35929.71011838702,0.0,393.84800395444944,107.7808894532042,1.6482427692214734,-17.39320398040146,156.23299454120905,1.151437076621642,10155400,0.0,154.75227590969234,-17.127128091976203,0.8987951759834232,0.2757059716792295
2002-02-04 00:00:00+00:00,13.0,"A, e",36060.26462322356,0.0,361.1749470299672,107.7808894532042,-1.4299390059242365,-16.83959409288982,163.66749806541134,1.2432721933677997,10155400,0.0,156.3563542990847,-16.316602355656357,-0.9439637600446531,0.2389967834620763
2002-02-05 00:00:00+00:00,14.0,"A, e",36192.56074581556,0.0,400.0644077302715,107.7808894532042,2.0083875132047395,-17.264593839300357,157.9675049250096,1.12046496758763,10155400,0.0,157.35466672322426,-16.65202083518483,1.7113054302531054,0.3039195476153687
2002-02-06 00:00:00+00:00,14.0,"A, e",36326.52826688718,0.0,398.2828216937282,107.7808894532042,4.52193009099791,-14.592044019073253,197.6995918141834,1.5703221796601037,10155400,0.0,161.08167656172,-12.625429445451346,3.4819115139792984,0.3885649181968121
2002-02-07 00:00:00+00:00,14.0,"A, e",36462.12837334388,0.0,389.8798984258619,107.7808894532042,6.026828665140066,-12.406206699246887,235.5117786223002,1.8332922775335432,10155400,0.6433049114506328,143.0404334397118,-11.039322986391767,4.741861925976821,0.4113412145156467
2002-02-08 00:00:00+00:00,15.0,"A, e",36599.30372585992,5.08697943948316,204.44287754561176,112.8682857465984,-1.2170720058013236,-11.342429771351757,259.2385877125511,1.635407255351996,10155400,3.926800921104443,121.53878546249425,-13.085148766217685,0.6246017157006349,0.2300844110618602
2002-02-09 00:00:00+00:00,15.0,"A, e",36738.00291710441,0.0,375.6153893625757,112.8682857465984,-1.5310075603931272,-17.342199945733743,158.53366184921038,1.1793205171817809,10155400,0.2685310541956308,165.13926186552467,-16.79164306972558,-1.1706649279140606,0.2000233774516486
2002-02-10 00:00:00+00:00,14.0,"A, e",36878.165195535,0.0,439.43258367267526,112.8682857465984,4.957112126202021,-18.83677972694841,135.07076173624975,1.3580550491344578,10155400,0.0,167.57345685000007,-17.056478069253274,3.456444297150938,0.3528706240930571
2002-02-11 00:00:00+00:00,14.0,"A, e",37019.74832545957,0.0,375.8818434152042,112.8682857465984,6.001694186288205,-10.161785036756482,275.9348488994237,1.9013766870029665,10155400,0.0,159.24197734980908,-10.574491299000726,4.254868230361012,0.3770663682806649
2002-02-12 00:00:00+00:00,15.0,"A, e",37162.70587880949,0.0,369.7818543608744,112.8682857465984,0.5108445608559314,-14.817030280918544,192.28077827512087,1.393135551516496,10155400,0.0,172.3678662008766,-14.817930838362486,0.05867392002147653,0.2465234637527684
2002-02-13 00:00:00+00:00,14.0,"A, e",37306.97843047303,0.0,438.6865684253779,112.8682857465984,4.543412669296832,-17.24913944523776,151.90547152101277,1.835269962246073,10155400,0.0,166.6918736500693,-15.842796446376894,3.977366406460817,0.3666978846047103
2002-02-14 00:00:00+00:00,16.0,"A, e",37452.52427919312,0.0234103071227769,368.8655296509974,112.8916023232433,-1.1608261512243063,-15.935192165894374,182.89034616871555,1.2377993235366027,10155400,0.0,148.85369446086094,-15.293768674664761,-0.10899785752661728,0.1854998004169504
2002-02-15 00:00:00+00:00,14.0,"A, e",37599.294035147774,0.0,452.5202504287714,112.8916023232433,4.992898717368004,-18.03841529331121,140.7430088758095,1.5567064226298892,10155400,0.0,180.4369371368793,-15.616283249633113,3.200513615945397,0.3445833055251486
2002-02-16 00:00:00+00:00,15.0,"A, e",37747.24352780052,0.6167457185438379,402.3060616564392,113.5083748741858,6.992037914753964,-11.163734660931857,245.17854193735545,1.6440933224084993,10155400,0.0,171.4434452022033,-11.515145808354134,5.708319382305547,0.357234976214811
2002-02-17 00:00:00+00:00,16.0,"A, e",37896.319849664615,0.0,331.0978683496214,113.39453923677004,5.483029651409774,-7.185605058555979,352.68339625306805,1.8078066906285888,10155400,0.0,154.15229975400666,-6.949489740753563,5.018458752796448,0.363767770008646
2002-02-18 00:00:00+00:00,17.0,"A, e",38046.48729878044,0.6140576374357737,319.55382761815287,114.00547337461332,3.0565605202727584,-9.230941895535194,302.69084835884286,1.426600183125878,10155400,0.6457278943462829,153.81281877970866,-9.221355846076108,2.661673625546655,0.2514258641051607
2002-02-19 00:00:00+00:00,17.0,"A, e",38197.69686779625,0.5411858386526441,300.6431896783555,114.54639394489249,2.599839042401933,-8.6101861667339,319.98394821368373,1.423206953507,10155400,0.1228004843919777,174.58929372390128,-11.403321509259001,1.7603328101972124,0.2118129084097918
2002-02-20 00:00:00+00:00,16.0,"A, e",38349.90586910181,10.423236995929662,267.3046837144811,124.4877529640721,1.0441413710242515,-12.215292400923756,249.1133399476211,1.543879415383926,10155400,16.988753570006367,143.84637624311964,-9.105051022149269,3.567374530001416,0.2184444626497884
2002-02-21 00:00:00+00:00,15.0,"A, e",38503.07686503387,3.9970456179011498,369.1425346889128,128.48460309998072,6.512339238045144,-15.12976341852831,186.60810769777723,1.6021070849455863,10155400,1.612450886816795,182.19604240344333,-12.732938326985163,3.918979884883697,0.3217567800959721
2002-02-22 00:00:00+00:00,15.0,"A, e",38657.16306175916,1.5967958043947144,399.4030015895855,130.0812755119732,10.268287574195794,-7.587947781569571,324.9629242999058,2.220242021392972,10155400,0.0,187.47538434150584,-7.365146814381831,7.523363336647321,0.4541085352720769
2002-02-23 00:00:00+00:00,16.0,"A, e",38812.12419473842,0.0006943578688894531,390.93551345716855,129.88146899443174,8.24639359145811,-6.491548789828639,360.78840248804136,2.6924409003752188,10155400,0.8179212786461811,152.9495938627563,-5.923012838023283,8.507729280235367,0.4878883666715602
2002-02-24 00:00:00+00:00,17.0,"A, e",38967.92167732618,1.5333387103141718,282.07312094745504,131.38929238023312,0.8920499359883507,-9.3706047498112,305.36950924303864,1.5005587485674214,10155400,0.3542900250731968,98.55713565276535,-9.573441132592507,1.6561930165867693,0.2200003375934888
2002-02-25 00:00:00+00:00,17.0,"A, e",39124.52099437618,0.0428287038070867,385.7902135853439,131.43211304475545,-3.990032765874173,-17.672632742938756,157.77258025796084,1.72847570422386,10155400,3.386753995674187,199.6872879905988,-17.768734782676347,-0.9020456999420503,0.2268849484139957
2002-02-26 00:00:00+00:00,15.0,"A, e",39281.87639935548,0.0,497.6424204918858,131.43211304475545,1.4431924374285652,-21.181323577994025,110.730565776636,1.4839732133674606,10155400,0.8728876993532111,198.4370549389656,-20.074395652975056,-0.36761065982636865,0.242837238576318
2002-02-27 00:00:00+00:00,16.0,"A, e",39439.958814018726,0.0,425.48819130670296,131.43211304475545,0.8636561881683524,-15.225470194879554,185.6980025131984,1.6206032695038677,10155400,0.3010249030098736,203.75174528414803,-15.355303122503472,-1.0367759291391394,0.2348776942703802
2002-02-28 00:00:00+00:00,15.0,"A, e",39598.72446410787,0.1488380226420223,441.58904206734894,131.58095301942978,1.3185625190523194,-15.599905532813771,177.6779628330093,2.045876045683805,10155400,0.3968811782658081,149.90183159911706,-12.528160336809037,2.3406911588786556,0.3166275759679333
2002-03-01 00:00:00+00:00,15.0,"A, e",39758.14385695105,0.0,426.0476127347194,131.58095301942978,-6.172789419699615,-21.68381572723984,111.05122003105616,1.1034713720592713,10155400,0.4755774579248706,181.8421999390288,-19.978042869610277,-5.079588768407746,0.1433272125474945
2002-03-02 00:00:00+00:00,14.0,"A, e",39918.17885872125,0.0,454.76689893564577,131.58095301942978,-6.237739257598833,-23.31704447328918,94.37423512455246,1.1427195191420432,10155400,0.2697511842699802,210.12335775635395,-22.086877618970703,-5.706421556427074,0.1533347999189776
2002-03-03 00:00:00+00:00,14.0,"A, e",40078.79440961655,0.0,507.8447395114934,131.58095301942978,-0.8378060193665756,-22.187926530770635,101.9980120810146,1.3505656692735155,10155400,0.0,216.6228088554855,-21.85320154819837,-2.52307147360159,0.1954843071603799
2002-03-04 00:00:00+00:00,14.0,"A, e",40239.95962087687,0.3383238360667716,483.1836713291021,131.91926938067928,5.3007390033492925,-14.465700365390925,184.26870857757152,1.906737400008993,10155400,0.0,215.2138317117788,-15.04025011905793,3.5288544901194996,0.3226592586420708
2002-03-05 00:00:00+00:00,15.0,"A, e",40401.63837913077,1.4070855091309138,448.4239809445854,133.32631884615714,7.261732545426119,-11.438525695289712,229.9670030974208,2.54673356210612,10155400,0.0,216.20292656782576,-10.136162106218762,6.59666131080138,0.479043656724802
2002-03-06 00:00:00+00:00,14.0,"A, e",40563.79985808195,0.0,395.3513353084372,133.2651068458963,7.117156357814852,-6.468610233459672,353.8158962896194,2.4677179291954343,10155400,0.1271445088663122,170.28280398046024,-7.907703671111165,6.815168178301121,0.399564345741276
2002-03-07 00:00:00+00:00,17.0,"A, e",40726.42327854724,13.242687521633243,223.5342941463693,138.91591334481217,4.307980626922547,-4.957688164540076,429.1527843481812,2.328886708431615,10155400,14.898784868761066,163.78421746766594,-5.839893307492957,5.836061543282483,0.345885265058271
2002-03-08 00:00:00+00:00,14.0,"A, e",40889.45773748049,6.506112104127958,341.1259993011607,145.4223357191609,-2.4985456696795483,-17.86189712046648,158.86100161961653,1.9069832932545845,10155400,7.644249636067902,160.24135234970572,-17.526040787610384,2.5037430629975574,0.2527657934736014
2002-03-09 00:00:00+00:00,13.0,"A, e",41052.88561723359,2.5367199979226167,527.5468322437304,147.95910290581293,5.429607134599525,-20.18372872238993,116.51326837451904,2.001127362186128,10155400,0.0,227.4127711681851,-18.512344862666282,3.8338978297647373,0.3200227216203188
2002-03-10 00:00:00+00:00,16.0,"A, e",41216.66711790271,0.0717686564796188,438.4676862212275,147.79590860790302,6.6438812316147375,-8.22597806479202,324.2241450489646,2.685257942003638,10155400,1.087630069509,195.9564208482325,-6.844271953142993,7.278002952792519,0.4499293046409002
2002-03-11 00:00:00+00:00,16.0,"A, e",41380.78437650288,0.0052727328225424,398.71007824470655,147.59089309864063,6.044388987260697,-6.595409377189574,369.7739485448333,2.0754451320704703,10155400,0.0731400759332251,221.7985790013296,-9.196701299447227,4.669956049074074,0.2951579057150288
2002-03-12 00:00:00+00:00,16.0,"A, e",41545.20747116609,4.112595800543552,326.8559892674912,149.93088560793694,6.144207595897697,-5.978930064255968,389.143718223555,2.384000555038994,10155400,1.489442337532283,177.67430333177052,-6.109145777467063,8.00578211822409,0.3795796146775153
2002-03-13 00:00:00+00:00,16.0,"A, e",41709.89807532924,12.898906453087914,277.24495216883423,160.46712207116474,0.9410517670969436,-9.806074042094563,299.89551221043706,1.966207790777384,10155400,16.532790817204667,145.79549907934833,-10.057075899505037,6.167064746462472,0.2790122543207302
2002-03-14 00:00:00+00:00,14.0,"A, e",41874.83061796911,3.5619603625274374,352.57888427772787,164.02885890390593,-1.5123138211127312,-15.663833198069913,189.67765909225665,1.5384699428794368,10155400,4.726722766355058,152.6258992157681,-12.929498623156746,-1.2303790707913436,0.2012595453845161
2002-03-15 00:00:00+00:00,14.0,"A, e",42039.98548687871,2.151288603217601,476.3985424922311,166.18036105410675,0.6686249809730798,-18.871483180072214,138.92320115331543,1.6375312872034842,10155400,0.0,237.87497839824047,-14.614010166176342,0.40712856733404124,0.2331660149764019
2002-03-16 00:00:00+00:00,13.0,"A, e",42205.32932728584,2.452137816910014,377.35114963077694,168.63246701391228,-1.6455080764464465,-13.90444306146508,211.2443294868372,1.849500643756969,10155400,2.1138785191011853,221.86490484709665,-11.581607546376233,0.5756724590978592,0.2561766261348926
2002-03-17 00:00:00+00:00,14.0,"A, e",42370.83144718556,7.01654841898633,373.25553614855886,175.64882645858282,-1.7406107985751742,-16.87876750341481,170.08902425412717,1.5254725255318584,10155400,12.058003206179343,219.8002702058707,-14.950045966948778,-1.7039666820988941,0.1873313343472231
2002-03-18 00:00:00+00:00,14.0,"A, e",42536.466733514186,0.0847426059838445,570.7409934610293,175.73361579854117,1.3079153771889749,-17.90972012676878,147.70760921223447,1.5966797247607472,10155400,0.4415321334265269,234.31381410190215,-17.01464703597611,-0.11171528656558394,0.2255652503120777
2002-03-19 00:00:00+00:00,13.0,"A, e",42702.211596092005,0.1657502612577996,591.0849953611395,175.89938701057494,4.406139797601647,-16.865213820133107,151.10387177549418,1.994615721103835,10155400,0.0,241.8199688801538,-16.403879174132726,3.288961801264179,0.2767812946281544
2002-03-20 00:00:00+00:00,14.0,"A, e",42868.038759938936,0.0,576.9874658620607,175.89938701057494,9.655782329474222,-10.235374130378656,244.0928225384527,2.6117595088269887,10155400,0.0,250.8307052241846,-9.704341396162988,7.543604964174278,0.4211815409860847
2002-03-21 00:00:00+00:00,14.0,"A, e",43033.91184450616,0.4262429542050459,544.6417693479926,176.2771346440214,13.035137879941384,-6.74824908983756,309.5699742001111,2.8221964922441365,10155400,0.0,250.8238529546008,-5.897430970410426,10.033992909154847,0.5519145602867652
2002-03-22 00:00:00+00:00,14.0,"A, e",43199.8203125,0.0,569.3087087917907,175.5636525184791,15.373298673680369,-4.317330897449333,359.9362518667214,3.176346924149541,10155400,0.0,250.96960030316367,-2.9436702967703354,11.162020910362116,0.6445243107528749
2002-03-23 00:00:00+00:00,15.0,"A, e",43365.72252560785,0.4133634545348228,395.7056198930037,174.08977774055327,8.83568975736792,-2.4470990422413825,486.8531389609757,3.345982714242317,10155400,1.134235203708567,234.24855462570264,-4.064628813870399,9.177690263532156,0.5505966067267007
2002-03-24 00:00:00+00:00,14.0,"A, e",43531.60141530647,6.65134259300603,308.0073089552889,177.31326735947437,5.1600124488270565,-6.069026151714817,395.6978375193353,2.1954842002088117,10155400,7.544460122063842,214.9613373201745,-7.413818685040326,5.123830862461716,0.3013543039013632
2002-03-25 00:00:00+00:00,14.0,"A, e",43697.42441529933,0.0,493.9657396635747,177.17236561725903,5.075517259362029,-9.127951757539876,304.6294085188484,1.9750683855760345,10155400,2.4296820245106416,202.9747566616703,-8.437702146515903,4.371596508917719,0.2785196898829755
2002-03-26 00:00:00+00:00,13.0,"A, e",43863.16896765381,0.1521130736804753,577.8189553752638,177.3240570639263,8.422491645558035,-10.450651014605668,247.1910004012323,2.4307577880651285,10155400,0.0,251.321871694821,-8.95954178646889,7.522610307420962,0.3974537228610851
2002-03-27 00:00:00+00:00,13.0,"A, e",44028.8047550679,0.0,506.2734003132167,177.02964125097813,8.966480385627543,-5.827050320077951,362.8119035887432,3.1976718699608733,10155400,0.0,259.8536109117019,-6.1185248844086,8.786291912170043,0.4766231044916156
2002-03-28 00:00:00+00:00,14.0,"A, e",44194.3071338601,0.0,460.9596788507629,176.33000848742506,8.431799491457102,-4.341008416968003,412.300121718431,2.9477156421479136,10155400,0.0,267.4999064261883,-8.152844073650613,7.174530205612996,0.4039076852416185
2002-03-29 00:00:00+00:00,14.0,"A, e",44359.65417224007,0.0,508.72009055150846,176.02525062189451,8.748383982387546,-5.632340857128021,366.5435865936667,2.727837800421449,10155400,0.0,267.5863794617353,-7.823114778429499,6.6476587618066105,0.3761752409977482
2002-03-30 00:00:00+00:00,13.0,"A, e",44524.809490904256,0.0,512.8546275857718,175.69338119122506,9.295128844920924,-5.254884168976604,364.6040205455273,2.91753164756793,10155400,0.0,267.3799590742016,-7.652198408117783,7.826964081038682,0.4311270397137599
2002-03-31 00:00:00+00:00,14.0,"A, e",44689.742099916206,0.0,600.193479388522,175.2280156901076,13.620108367152948,-5.302310116233526,322.16942213928564,3.018923863375688,10155400,0.0,274.90113405591546,-6.802181538362731,9.74176803106053,0.5281617748170714
2002-04-01 00:00:00+00:00,13.0,"A, e",44854.43303050889,0.0,570.7411954639922,174.02254311107896,14.19191950061343,-3.129896840423172,367.14033678876393,3.6177967680418655,10155400,0.0,270.9374203909216,-4.291195661582094,10.865400568832513,0.6214918992629547
2002-04-02 00:00:00+00:00,14.0,"A, e",45018.85560904554,0.0,534.9547748925456,172.63879944363546,12.499274358701694,-2.705481279831092,395.2462869760383,3.207827374804463,10155400,0.0,273.9313334820747,-4.881841069612165,9.14716626977605,0.4850175796761719
2002-04-03 00:00:00+00:00,13.0,"A, e",45182.97350709729,0.0,570.2108750285388,171.79676142621102,12.61693630347872,-3.9942124127036416,347.5560386476045,3.4528998472436045,10155400,0.0,271.3599259495948,-4.272587661180921,10.543931103934085,0.5833795020026628
2002-04-04 00:00:00+00:00,13.0,"A, e",45346.76212988457,0.0,620.2701117376511,171.00660378786748,15.294582102593594,-4.119165107976065,316.28036424073,3.2374839477148525,10155400,0.0,277.54919763390865,-5.505233945509019,11.79440044125056,0.6178105131771984
2002-04-05 00:00:00+00:00,13.5,A,45510.18926555778,0.6082997484086105,555.2640222529681,169.0213767203015,16.81892729535982,-1.2732011436513124,407.09640535923614,3.439200073888079,10155400,0.0,242.7740606140929,-1.608292161633301,14.05967451375534,0.7482484494443169
2002-04-06 00:00:00+00:00,13.3,A,45673.225944605336,0.0,546.0983837840357,166.73107944756228,14.985130679785549,-0.5470319037163195,441.4976440991125,3.5467482965842057,10155400,0.0,249.92799645792536,0.44899843569510267,12.914584682227542,0.7114537465807159
2002-04-07 00:00:00+00:00,13.0,A,45835.84063472862,0.0,496.6868194038623,165.24787266578224,10.914156614820856,-2.456422497534508,418.6774326233976,3.731289402283773,10155400,0.0,279.32258766827226,-3.520351450391388,11.43763988733383,0.5898815561668087
2002-04-08 00:00:00+00:00,12.5,A,45998.003501514,0.0,551.5494996030282,164.57278934162855,10.733436767442113,-4.476094920568413,343.6159141681281,3.010060575269513,10155400,0.0,258.7843029227109,-5.931519556054241,9.629985029166448,0.4868694518133839
2002-04-09 00:00:00+00:00,12.6,A,46159.68604958478,0.0,576.8231339436936,163.42153709816805,13.29568114354692,-3.2243636931562434,354.46904768553054,3.88723553830839,10155400,0.0543601692823727,251.3469583576616,-2.310532467412372,14.292269138612085,0.6899942290578043
2002-04-10 00:00:00+00:00,13.5,A,46320.85524435353,0.0,478.9804878262129,161.90176194491275,9.97773146591596,-2.2827075986944765,437.8807948014305,2.740372708394262,10155400,0.642571705778829,171.26374551566337,-1.0578525825967517,9.489348797900163,0.4612274776980802
2002-04-11 00:00:00+00:00,13.3,A,46481.47097559444,0.0,572.2961602598842,161.11968122812175,11.37306510607896,-4.446259652546661,336.40459350242145,3.002430026274286,10155400,0.0,221.25562762018623,-3.4799882054873024,10.735608529060642,0.5212467740771045
2002-04-12 00:00:00+00:00,12.1,A,46641.50962448182,0.0,535.1480331189127,159.5095980023261,12.39857973683128,-2.079561340515471,406.0674553979092,3.720665196010676,10155400,0.8150062367390852,244.887423082789,-0.6699984178220006,14.94583728279099,0.7142753396418098
2002-04-13 00:00:00+00:00,12.1,A,46800.92513400044,0.0,617.9373328691847,158.05581551324877,16.093511440599904,-2.415247188343728,346.6604380352593,4.487914116622366,10155400,0.0,289.1199724233065,-0.479373004198294,17.018137484769227,0.9022083042897948
2002-04-14 00:00:00+00:00,11.9,A,46959.697084931024,0.0,564.1972629957872,155.24051735647708,16.745942847652515,0.889392071369243,460.30128426021406,5.096249615686688,10155400,0.096055438742064,267.4109980317263,1.2860791365463342,17.593190546978917,0.9782581473956
2002-04-15 00:00:00+00:00,11.7,A,47117.77788256774,3.836487812235809,473.2534050651223,156.04983253496837,11.576831440463495,-3.579497807387376,381.4485353804602,5.557638238034536,10155400,2.546103090861319,242.98921048550952,0.746316834127299,17.314938213615733,0.9067145272719996
2002-04-16 00:00:00+00:00,13.2,A,47275.13472139847,4.365148261006157,331.5062239886117,158.39111717292926,3.957987308508633,-6.893714192059103,364.85335152475744,2.635841603304629,10155400,4.182597953385476,215.6811054167333,-7.020699202997264,6.31637663570956,0.3514445975633298
2002-04-17 00:00:00+00:00,15.5,A,47431.73462712393,6.258157003954129,362.3685922114853,162.71893873418324,2.6257811798123294,-9.20777240697073,312.585614971725,2.935816720685656,10155400,7.025763519049664,207.61722079462425,-6.436638788355538,7.6484957652680805,0.416819732227842
2002-04-18 00:00:00+00:00,19.0,A,47587.53596151155,4.690674819714658,435.6709362005578,167.28148603656658,4.991335456206759,-10.187592097986416,278.51152086969535,2.191610357809254,10155400,4.326424534636681,194.16101772781656,-7.557879310809085,6.158668757546536,0.3396665911476804
2002-04-19 00:00:00+00:00,17.8,A,47742.4986162774,4.58293980921981,365.4254226511072,169.09509725519305,5.298535877875636,-6.248295732043159,386.60049880324254,1.7737954616688387,10155400,5.3928227577867744,161.33764524563423,-7.742305937220749,3.9311469678717685,0.2489795130765591
2002-04-20 00:00:00+00:00,18.8,A,47896.588967265,10.307091808715043,323.1285918599596,176.39390613849056,2.2411242467777304,-7.362383246517565,355.8112803370208,2.349329804233883,10155400,9.5544516719931,255.8565109572454,-7.179850863152183,3.5811924021102755,0.2623575374508853
2002-04-21 00:00:00+00:00,18.7,A,48049.75845100225,0.0672796951102445,582.3078791188198,176.34350350254522,6.427792593143053,-7.841033838138171,303.08089013535425,2.961881207047014,10155400,0.0278853492475523,303.5934843646168,-7.723666603712388,6.046217568292832,0.3668021154824007
2002-04-22 00:00:00+00:00,18.6,A,48201.97485728549,0.0,653.3638234626587,176.08365434075927,11.443043160112596,-6.293441708607259,300.32008149623834,3.3627054786824653,10155400,0.0,302.63629952789,-8.166211874245903,9.315543952726273,0.4686438605997495
2002-04-23 00:00:00+00:00,17.3,A,48353.18408668613,0.0,627.3606574368814,174.94856417809063,13.808371015884555,-3.0256915233099235,371.5381233997065,4.631407888354224,10155400,0.0,305.6806614068711,-3.0117995833374493,13.18320018575372,0.6866221700800124
2002-04-24 00:00:00+00:00,14.9,A,48503.35217831111,0.0,629.3969355033223,174.36104213905816,12.638120692307004,-4.304095502664279,341.3365519063403,3.652916326692469,10155400,0.0,320.1260431354024,-8.22329579070987,8.900965652338414,0.5544530860441603
2002-04-25 00:00:00+00:00,15.5,A,48652.43616856381,0.0,602.7209963631819,172.92701574339432,13.551160802860425,-2.1774460234168624,403.35528061770447,2.940564650491164,10155400,0.0,191.4182912285029,-3.2794580612996924,11.500635980994844,0.6299518483087043
2002-04-26 00:00:00+00:00,16.3,A,48800.38535251579,0.0648465393300781,598.4268920214766,171.36966365269694,13.811302225742704,-1.6116942480243162,421.6345745588361,4.672274149059239,10155400,0.3036262532567044,294.40023195440165,0.13588123014108078,15.40274969759389,0.7640305669623048
2002-04-27 00:00:00+00:00,22.1,A,48947.15540830682,5.404200250289499,282.94863138011056,171.06610934946258,6.035866367554043,-2.469121327697842,518.8963344052924,3.11831219319462,10155400,10.798379300405877,238.18511090934632,-2.9730696967236554,8.745687907276931,0.4191675208365554
2002-04-28 00:00:00+00:00,25.9,A,49092.7043625832,1.8715723883064057,454.19501026887497,169.9732618015904,9.806381981208622,-2.6321040175465624,458.0729538718785,3.5388790711477958,10155400,0.9234275530499144,269.2744804545246,-2.6865252869885694,11.522051032480647,0.5349335703633467
2002-04-29 00:00:00+00:00,26.8,A,49236.98072857938,0.0,662.2552425699857,168.71999976803738,16.06098468384057,-2.3828187087185717,342.87211393847906,4.700173094587706,10155400,0.0,302.624199396804,-1.3450790044967107,16.980430281015742,0.8613533151076858
2002-04-30 00:00:00+00:00,29.5,A,49379.94123422011,0.0,578.7007153112661,166.33760771647903,15.376847561750738,1.0491161977839285,485.8961895549264,4.57435292104603,10155400,0.0,321.3263915147029,-1.4282877808358876,13.051982438660843,0.7076649198295105
2002-05-01 00:00:00+00:00,30.4,A,49521.52605193242,0.0,543.5499175500311,165.6853736116106,9.06081569047926,-3.7303759554377183,383.4479219651923,3.3327520641045965,10155400,0.3906457577215217,287.80942559791214,-5.082286634675768,7.357824882182285,0.4521001030914657
2002-05-02 00:00:00+00:00,32.4,A,49661.6928325685,0.0,648.7880310855245,165.50292063057407,11.017126783009184,-5.9791515370501696,285.2160444895993,3.6717752095617566,10155400,0.0,323.12414822053785,-6.248806783253542,10.748756057199557,0.5440676496299544
2002-05-03 00:00:00+00:00,32.1,A,49800.39688084133,1.0513733773342129,495.13644327409895,164.20640028053558,10.28389296673724,-2.182421125518304,427.4965273597276,3.498641989320855,10155400,0.0,208.37199263169617,-3.7095756776918734,11.404215343422607,0.5860099583907942
2002-05-04 00:00:00+00:00,32.3,A,49937.57084540607,0.0,639.2514864510264,163.07118903311877,14.086757300760627,-2.392813555011852,357.8952999454124,4.010039219289072,10155400,0.0,321.448155146775,-3.6136093836043415,13.512240808646254,0.6629733731898819
2002-05-05 00:00:00+00:00,29.7,A,50073.17656301904,0.0,585.7555313608436,161.2092824936482,14.000919840625894,-0.263484571908681,438.9474677819285,4.795368047546599,10155400,0.0,312.45299898181673,-0.07468778538850529,15.08012182127925,0.7917784328003742
2002-05-06 00:00:00+00:00,26.1,A,50207.149684422206,0.0,646.8696337874906,159.49713220998086,16.49822444976001,-0.5929708722413429,389.61918714463417,5.209910446095022,10155400,0.0,322.86839512743046,0.12159648721126359,16.836192944602203,0.9112048067516676
2002-05-07 00:00:00+00:00,24.0,A,50339.444944053896,0.0,692.5325720356296,159.11044557274542,14.3169445742043,-5.287508985779593,281.0284980023513,5.26064296976547,10155400,0.0,322.6360333838998,-1.0664741575911876,15.426604456089365,0.8071588934966345
2002-05-08 00:00:00+00:00,25.1,A,50470.01088772123,0.0,640.7327842407972,159.11044557274542,6.412944482811888,-10.18605332754814,219.53747927773784,3.345011101983121,10155400,0.0,339.3211377490736,-9.393776704208335,4.937885155237041,0.4270718638165589
2002-05-09 00:00:00+00:00,30.1,A,50598.77826669605,0.0,703.1617717419259,159.10956263685748,11.495389333642922,-8.833882724526797,215.10035440087867,3.901292251543512,10155400,0.0,312.65601711454525,-9.566978148891167,11.915375966401825,0.6446293581834901
2002-05-10 00:00:00+00:00,30.1,A,50725.705835732646,2.319171981254952,407.0274420187501,158.06237931696782,8.669469250553531,-2.388922629249965,452.8056852213649,3.744841307137882,10155400,1.5776918441004686,237.7435186567793,-1.9212379888738838,12.456312474017636,0.6657027025804122
2002-05-11 00:00:00+00:00,30.1,A,50850.73015686225,2.8218849731573448,341.4506262125891,157.04830195927588,7.653744159859077,-2.2294519621100783,507.1846627268531,3.151788724466058,10155400,1.504531677464454,248.6319807543956,-4.103724477222897,9.077878206775608,0.4616468236530076
2002-05-12 00:00:00+00:00,30.5,A,50973.79700334276,0.0,642.9188458202603,156.06452732867072,13.930967213291318,-2.677939444696256,344.7998549511881,3.960527020884031,10155400,0.0,334.8408053272576,-4.640982366464527,13.502619525992998,0.6828623427687522
2002-05-13 00:00:00+00:00,29.6,A,51094.84611693795,0.0,704.3419120905971,154.86630812389004,18.79239430304088,-2.0459028588183847,315.2273947599704,5.011692694092576,10155400,0.0,332.4490051935712,-1.3007043257144346,16.458393492257812,0.9031327026963676
2002-05-14 00:00:00+00:00,29.8,A,51213.81896578841,0.0,645.6967481795936,152.58570463121706,18.774030600480703,1.6215390106959748,438.644372492798,4.98200382182239,10155400,0.0,269.6886186637901,2.962982022658821,18.05490051093409,1.0460627080406728
2002-05-15 00:00:00+00:00,27.9,A,51330.66353066645,0.0,644.2922149833158,151.00764879471922,16.531228604302193,-0.6818489016487218,380.5094491948567,5.044026128821453,10155400,0.0,334.33906426356094,-0.30791495274183944,16.22348949402567,0.8920849520917934
2002-05-16 00:00:00+00:00,26.9,A,51445.32044069482,0.0,573.5647564261775,149.1295731724757,15.014496573179745,0.9960597573737372,483.0935661852878,4.08960083477635,10155400,0.8332237641334392,248.1151771835261,1.4721857232153184,15.615061078016765,0.8409729479128857
2002-05-17 00:00:00+00:00,27.1,A,51557.73203613464,0.0,702.2624956344303,147.73722138321918,20.19329883972442,-1.3615617558019335,323.4999026045232,5.138174370661131,10155400,0.0,332.28478066870406,0.3775624518580116,19.73732683055988,1.093656028530786
2002-05-18 00:00:00+00:00,27.6,A,51667.83434998851,0.0,668.9961785951464,145.008777326146,22.41805989207947,2.951013176580218,444.9318782604019,6.752786456521956,10155400,0.0,329.0544336176072,6.104997311338423,22.709336817895803,1.4813623269548144
2002-05-19 00:00:00+00:00,30.1,A,51775.57476924928,0.0,663.159163623269,142.26075211824684,22.465444666096943,2.885927772027737,443.7722959425522,7.212693628265621,10155400,0.0,337.4354643568709,5.928286915535125,22.611967744047206,1.4946245681184125
2002-05-20 00:00:00+00:00,31.2,A,51880.893896008674,0.0,510.5729873234216,138.52072129688958,19.678195016276696,5.973503115366478,675.276541206789,7.117129297909993,10155400,0.1174329835057377,315.3240799284868,5.522055152872326,20.69978982940097,1.305378619674449
2002-05-21 00:00:00+00:00,31.1,A,51983.73563594007,12.152430271957453,377.0541267128996,138.02575454072974,10.319003868314232,-2.5460622064588785,462.253909978402,5.035050414417718,10155400,16.158881800522366,288.3152455187412,-2.7945312038899033,13.899573509176093,0.7050662468438823
2002-05-22 00:00:00+00:00,36.1,A,52084.03601924727,7.096801117304235,368.5222722029478,141.31005590247452,6.142039974208863,-5.444007230162777,405.59582633536456,2.9336675824448566,10155400,7.667895659201815,209.17483253515024,-5.620198293235319,7.146913192691443,0.4029944286316341
2002-05-23 00:00:00+00:00,25.8,A,52181.74110730005,1.8563322689286328,541.1526757610461,142.12554628640632,8.731588791666061,-6.3324297875878255,322.1806522998881,3.60408673150876,10155400,2.3396499934911663,330.3341285991921,-6.716885722066991,10.572574252496736,0.5568285599078232
2002-05-24 00:00:00+00:00,35.6,A,52276.79209133411,0.0,606.4130562498518,141.72198699108955,11.70015048991172,-3.826783333080321,346.174814545144,3.840824569042628,10155400,0.895135707980715,339.884094912917,-6.331238984068364,11.291328431482441,0.5380936289114063
2002-05-25 00:00:00+00:00,34.4,A,52369.1382286023,0.0,662.2594023254883,140.94117773503598,16.079843055558566,-2.6797071636078056,331.0406880247496,4.6809478095443255,10155400,0.0,341.27112861702096,-1.7090825326654908,16.54696185179114,0.8629432678063348
2002-05-26 00:00:00+00:00,34.4,A,52458.72018151513,0.0,664.0329084134772,139.09944885958345,19.98640654557704,0.7168168883064904,398.38465935211474,5.316414040077867,10155400,0.0,319.54900193588355,1.5136565973176062,19.81992904453614,1.1704483502474186
2002-05-27 00:00:00+00:00,37.9,A,52545.48756606877,0.0,653.0432602871449,137.04107835368214,20.452088346487013,1.3141834112439934,417.316644327168,5.275752237795833,10155400,0.0,317.2404976871449,5.218326982697647,21.171914985083617,1.2992900046654814
2002-05-28 00:00:00+00:00,36.4,A,52629.375555381484,0.0,644.8250654539509,134.525964531175,22.11809483525968,2.96806959358561,464.3178778311009,5.89407180993825,10155400,0.0,328.83713273492754,5.19427139409845,22.434258023713028,1.3684198144277688
2002-05-29 00:00:00+00:00,37.4,A,52710.34110877703,0.0,628.018133146846,131.6815915013515,22.42285480318428,4.142265128844116,512.5275669231937,5.7896072180164495,10155400,0.0,327.658518073111,6.863482151549363,23.301197542285195,1.4662668139543713
2002-05-30 00:00:00+00:00,39.0,A,52788.32664678951,0.0,672.1632414669155,128.61469998889496,26.30842442519196,4.718118181203484,483.4922653969056,6.6103740984752255,10155400,0.0,332.476469770548,7.850344934244049,26.544032366009276,1.813859277111986
2002-05-31 00:00:00+00:00,36.2,A,52863.28449307162,0.0,648.8120815053297,125.03863005579464,27.094760158548127,6.640938210375138,564.6465189334374,7.122058460391487,10155400,0.0,339.6368077675909,9.368411005173755,27.47514592027005,1.9568314213209157
2002-06-01 00:00:00+00:00,37.5,A,52935.16321577047,4.576941330725582,418.3880437609629,122.27894327756847,20.20982300754261,5.200989023656738,735.8627787677087,6.819260844414127,10155400,1.8505007036976275,277.4208690198004,6.65006932098396,23.6219826458792,1.4941413779257462
2002-06-02 00:00:00+00:00,40.0,A,53003.91233903888,2.390505271887541,395.62009031712665,119.864645405808,15.886678753731813,3.690609642112495,713.7115205236274,4.90587640140876,10155400,5.543738672820325,266.6852018875217,4.490259392352982,18.39008755500521,0.9502785713288956
2002-06-03 00:00:00+00:00,46.4,A,53069.49217412938,0.0,495.3450785511583,118.0611428942478,14.660761637233472,1.608657844220358,556.6304212583738,4.622716395935362,10155400,0.4486430894143716,294.5715376678591,1.072234036707414,16.851879366714968,0.8355458693654638
2002-06-04 00:00:00+00:00,41.3,A,53131.851901640526,0.0,593.0774030314526,116.40147333501226,17.624836870555665,0.7129022724468571,454.0540126368009,5.05019959863846,10155400,0.0,328.559816684044,-1.5761049657121475,17.693265924103912,0.9132739400948958
2002-06-05 00:00:00+00:00,38.9,A,53190.948294688125,0.0,643.2951927512961,114.6247992053437,20.8239199604184,1.185790519766779,429.6360796189306,5.309410224389077,10155400,0.0,325.9289690649646,0.5796532835444737,20.038119484979745,1.0595841568313171
2002-06-06 00:00:00+00:00,29.5,A,53246.74051062325,0.0,628.624489039686,111.83877679184938,23.67899471673464,4.635084341673094,494.6854061662908,6.490933704390271,10155400,0.0,325.2685241836718,4.899957631418829,24.240248368098094,1.4445990254444627
2002-06-07 00:00:00+00:00,20.0,A,53299.19177959675,0.0,598.4160090195096,108.56357370093696,24.253710934964392,6.619676224512235,558.1876033692602,6.883714043675258,10155400,0.0,323.2522667897257,7.387853933659244,24.63606239296911,1.5577077990561266
2002-06-08 00:00:00+00:00,25.1,A,53348.26405823794,0.0,610.3491780619914,106.46107043653107,21.11097676757394,3.2848772859745745,450.6934735959136,5.973114374416083,10155400,0.0,284.14802655296404,5.109199631834883,19.97786436349321,1.119677357009788
2002-06-09 00:00:00+00:00,26.8,A,53393.91239810616,0.0,568.1311132633206,105.8432231565244,13.720648255397506,-1.960193867415463,361.9602301496009,4.483157836900423,10155400,0.0,271.1794065079483,-3.566178926694249,14.42761711213268,0.67458860331316
2002-06-10 00:00:00+00:00,25.7,A,53436.116432120725,0.0,621.3466509631827,105.75397849975415,13.22219117389896,-5.205803189604958,265.4302662179872,4.163396729121247,10155400,0.0,336.8055789677452,-6.865516290963399,12.21074768236565,0.6327997435450207
2002-06-11 00:00:00+00:00,22.9,A,53474.83653724047,0.0,622.8137708601402,104.9365838691547,16.232287458749873,-2.44840193297162,300.62486063553894,4.5487934284857445,10155400,0.0,334.39344725246104,-4.658226728027955,16.02996524393575,0.7900491721470877
2002-06-12 00:00:00+00:00,21.7,A,53510.047230938544,0.0,643.700497757741,103.36368530349442,20.41963233179069,0.3962099422633481,296.1396066259729,5.388762285629125,10155400,0.0,332.8802644387838,-0.5244852342706849,20.33636162963245,1.131364568425892
2002-06-13 00:00:00+00:00,27.3,A,53541.71963997271,0.0,639.0587234171625,101.18234184176966,22.89794961270864,2.811111967785454,327.47620728663856,5.642367038151676,10155400,0.0,334.55536010781486,1.4482885184010001,21.895666055658694,1.3047191819895565
2002-06-14 00:00:00+00:00,27.9,A,53569.83493622899,0.0,653.376127199117,98.7224625112578,25.78885052911128,4.349579901778763,339.97730746028554,6.448755742109833,10155400,0.0,330.12270477699604,5.148501668030917,25.710594119242614,1.7050899945233922
2002-06-15 00:00:00+00:00,29.8,A,53594.36756338035,0.0,615.7028249846388,96.01964775425616,24.75525342255468,5.482658996311795,382.92007825727086,6.614299905000967,10155400,0.0,316.39262800126727,8.32172099901652,24.90202464231197,1.7381904480635229
2002-06-16 00:00:00+00:00,30.1,A,53615.30225650773,0.0,633.4054640547697,93.42018807797945,25.67424020997788,5.343262018808048,349.59550500633065,6.337490866502868,10155400,0.0,330.4685503700177,5.893865105291638,25.756547443172508,1.7094342991009317
2002-06-17 00:00:00+00:00,30.1,A,53632.62034880088,0.0,616.7098464932716,90.63477058047428,25.428599378119337,5.984347116383194,372.4391819094207,7.171375788614747,10155400,0.0,332.6824764139246,7.744746334147351,24.51262154702414,1.6767559192013786
2002-06-18 00:00:00+00:00,28.2,A,53646.3068608882,0.0,590.5654584811173,88.0950436092251,23.475633184410377,5.611999560117403,385.2979130922045,6.7946466476260525,10155400,0.0,323.7876634593335,5.979696352629617,23.357155416364435,1.4066027135827837
2002-06-19 00:00:00+00:00,28.4,A,53656.35762934707,0.0,527.774405481368,85.47656148988047,21.476150188584302,6.315117635557004,455.59167819173473,5.145678601207027,10155400,0.0,303.35189988773925,3.474463240161242,20.530230139263608,1.0639772912005547
2002-06-20 00:00:00+00:00,29.0,A,53662.75811355071,0.0,603.822391051635,83.09248329142912,24.37462211302014,5.254412988192984,359.4157414325942,6.669997211093847,10155400,0.1135979916632396,322.7606298784981,4.844680358776031,25.909563901396723,1.5839117006979304
2002-06-21 00:00:00+00:00,25.7,A,53665.50505559596,0.0,558.1883922004878,80.3206697362438,24.573805106726518,7.628644584671265,455.540403319515,7.444565809125154,10155400,0.4871422476375839,321.5704378476426,8.706209882080032,25.268611843933797,1.7066974009087508
2002-06-22 00:00:00+00:00,20.7,A,53664.6018617877,0.0,557.2813233541768,78.16785356432902,22.18446357103941,5.344716070691161,399.7172101600303,6.039954676694884,10155400,0.7837570120717713,297.4078938115819,5.875721785908581,22.274640438505855,1.3505121882645046
2002-06-23 00:00:00+00:00,27.6,A,53660.03784451957,0.0,613.808758934165,76.1372865686188,24.83452310580326,4.668514470741158,321.1617300062981,5.890037643591932,10155400,0.0,328.5514145673086,5.187945491021139,24.641154840727722,1.5257436423041313
2002-06-24 00:00:00+00:00,27.1,A,53651.83452683282,0.0,615.4954563020523,73.50569756207892,27.800583551051748,7.051411674750328,374.9974949561095,6.830851743075767,10155400,0.0,328.5367521651088,7.525859247230812,27.203905564111892,1.9192742685821689
2002-06-25 00:00:00+00:00,26.6,A,53639.97568900464,0.0,616.8407655785147,70.86804685912539,28.313535609544303,7.052186266601431,373.2121372112282,6.212434956757071,10155400,0.0,330.686712323582,8.873806813382885,29.16203857620326,2.2348730578972837
2002-06-26 00:00:00+00:00,27.9,A,53624.4869429405,0.0,600.7075182194365,67.95546669470329,29.03081662901628,8.808597146255584,424.19233830804507,7.486138670489392,10155400,0.0,321.83497971397304,9.042105024152363,29.258520440761686,2.2274212634389605
2002-06-27 00:00:00+00:00,29.9,A,53605.376790942726,0.0,598.9564892299302,65.16409432433053,28.73756026550156,8.46752566550614,415.3974826737959,7.01428607248068,10155400,0.0,325.00815095422564,9.403564401388905,28.34485575633869,2.087560370332798
2002-06-28 00:00:00+00:00,29.5,A,53582.658279338495,0.0,598.6222141406346,62.47076523399642,28.75749332357803,8.339797700993612,412.45432525398434,7.354152764307581,10155400,0.0,325.9570424246365,8.801324856439066,28.238626058698912,2.0823506407172268
2002-06-29 00:00:00+00:00,29.8,A,53556.34785814638,0.0,576.5692554822242,59.94777642140461,27.210442193334075,8.200398691185372,421.1295731437388,8.025710231066833,10155400,0.0,324.1044132680721,9.399270056439263,27.078209697611612,1.991946632543044
2002-06-30 00:00:00+00:00,26.3,A,53526.46605723654,0.0,599.7472377836567,57.39849388620725,28.95872988514421,8.32574795376708,412.1431068560712,7.807989234306225,10155400,0.0,326.9219848767648,10.333516177646118,28.2136521605824,2.08756333483324
2002-07-01 00:00:00+00:00,25.1,A,53493.03329809674,0.0,585.3780733339783,54.69786109299423,29.026263282899887,8.996162516198634,435.7427867720186,7.261846415187434,10155400,0.0,327.77973178741814,10.8790509925538,28.42990425315827,1.972497214347576
2002-07-02 00:00:00+00:00,24.4,A,53456.08080303056,0.0,581.7111005208939,51.943336279200565,29.35177249279093,9.177640551432685,442.8436736104342,6.18401578080545,10155400,0.0,302.982226596325,10.822967091802013,28.928774339973643,2.050931453147579
2002-07-03 00:00:00+00:00,29.8,A,53415.6319236245,0.0,488.53545584054666,49.49306854931552,24.682974109715023,9.243791639179618,529.8510561412168,6.1229709757487525,10155400,0.0323149308226673,304.4392536919421,10.056003200450107,26.495446332358483,1.6791504698455242
2002-07-04 00:00:00+00:00,29.5,A,53371.7147660416,0.0,570.1781090212429,47.32813882428941,27.275717069235984,7.551230194363278,407.1792349838203,5.685643106652593,10155400,0.0,324.3018868770307,8.52650362158721,26.811456776806097,1.6606969998978645
2002-07-05 00:00:00+00:00,27.9,A,53324.36294180736,0.1104158421868945,552.7548587087373,44.9544646378316,27.997447480337087,8.833060871138803,451.2055713697948,5.693296484459761,10155400,0.49538747412208,316.5585469627612,9.246404528813343,28.75405563330446,1.9063783231126137
2002-07-06 00:00:00+00:00,27.8,A,53273.61740016555,0.0,560.1689843042,42.64210307148253,28.42152019771201,9.01273362970095,449.2553763135024,5.940683881845472,10155400,1.561700647237237,308.9869362727439,11.016787189862498,28.658962053360653,1.9511638559414075
2002-07-07 00:00:00+00:00,25.7,A,53219.50376282906,0.0,549.1839814712202,40.20822035672666,29.01358643197032,9.917573556912528,485.9445515416783,7.112072527374329,10155400,0.6809339009526391,315.615701390243,11.063176908517448,29.71746177567428,2.061106598442185
2002-07-08 00:00:00+00:00,24.2,A,53162.07254386439,0.0,564.25932994596,37.80518426383159,30.28577626531993,10.312820673296264,482.62167881043047,7.497324053343627,10155400,0.0,322.7596634534446,11.563605134438035,29.32108211962526,2.1199053072796614
2002-07-09 00:00:00+00:00,23.3,A,53101.351042711736,0.0,597.4674684649992,35.8970782407631,30.21395206628551,7.692377680531228,391.0580075570045,6.779730503916404,10155400,0.2164703999154024,328.93877905531946,9.440389980939756,29.562405176327843,2.112264231190116
2002-07-10 00:00:00+00:00,22.8,A,53037.38894358012,0.0,570.3845917430604,33.72162251370715,30.330327605995876,9.16252954051506,447.91897987816185,6.56505471406882,10155400,3.1306049121668744,303.0891553141139,9.802842433803733,30.377350980527808,2.1435139792800824
2002-07-11 00:00:00+00:00,23.0,A,52970.23396604142,0.0,555.5790464717977,31.453025403094983,30.860479040149027,10.4159241254772,495.8716399394177,6.959545656059998,10155400,0.0,325.11112021598166,11.227992085710582,30.680453933816295,2.299724613467526
2002-07-12 00:00:00+00:00,21.9,A,52899.926599758845,0.0,567.4804148544694,29.195794936459784,32.4008330501068,10.940692787515774,504.8880836612378,7.294444873598267,10155400,0.0,326.2442238964013,10.815612469000996,31.177245409259626,2.4348045874728896
2002-07-13 00:00:00+00:00,26.7,A,52826.51705701446,0.0,581.8128461773637,27.08197356210917,33.29625368815163,10.67479085211966,487.2320825513386,6.640318762726711,10155400,0.0,325.15293395534337,11.636624774982579,31.730254237548365,2.576476393807504
2002-07-14 00:00:00+00:00,27.4,A,52750.05174544823,0.0,551.0194659680061,24.989072832712417,31.598401964910156,10.92152517335398,514.3092612741445,6.741672318881562,10155400,0.0,323.43880955595137,11.836635501503793,31.878952749693042,2.541270564605651
2002-07-15 00:00:00+00:00,27.8,A,52670.582984296816,0.8782579350622627,488.552447337432,23.11959701929908,29.0710831566813,11.374933651198289,573.6101216992963,6.603109457147285,10155400,1.822819582930944,302.679441025949,11.889181456314816,30.108952715029034,2.1574251735586474
2002-07-16 00:00:00+00:00,28.2,A,52588.16129971514,7.725937535239012,373.3568767679146,21.64484258141455,26.990964935298837,9.599700097843176,635.6019455165334,6.12946978842803,10155400,1.6335815166169951,299.496507609116,10.41162092682248,28.783327919856845,1.8631280311526728
2002-07-17 00:00:00+00:00,31.8,A,52502.84065325884,11.328699818084184,339.00819439740576,20.225358244831657,24.76311091961002,9.379109784995611,702.8117914543818,5.583795460124205,10155400,0.0702973715461391,303.86806930740994,10.589680437485526,27.02139487763401,1.613966395614998
2002-07-18 00:00:00+00:00,32.7,A,52414.67063092568,0.7658538948303123,431.9242922958418,18.864164315898638,23.96890419622077,9.179764322765989,624.8351640517877,5.300741921554442,10155400,3.5607144261767982,267.2080053440069,9.31084977861326,25.944776468963312,1.42516099914148
2002-07-19 00:00:00+00:00,31.6,A,52323.71203240818,0.0,443.4784037368293,17.713976923923465,22.788762553493505,8.139442838577606,539.3065559031414,5.292352164994407,10155400,1.1207597022798672,292.2771331591849,8.305275970913215,25.234806669378997,1.3165843465231704
2002-07-20 00:00:00+00:00,30.2,A,52230.01885903464,0.0,486.31325760344345,16.542636882850598,24.996021307527656,8.541550563022293,437.7039166217743,5.629803364614927,10155400,1.0965484445208378,285.8149164204583,8.619837701110043,25.73040216328127,1.4846242131914351
2002-07-21 00:00:00+00:00,28.0,A,52133.643165737005,0.0,531.4163102274404,15.471745837841086,26.242366560073076,7.176452272095168,377.7610643391682,6.2108944220825615,10155400,0.0,317.8836901917793,7.243314097368625,26.18135319476164,1.557731250567874
2002-07-22 00:00:00+00:00,23.3,A,52034.63875595425,0.0,539.6899882354049,14.2883135960431,27.745249118355147,7.809942895725869,390.7757188425806,6.190352222354545,10155400,0.1625463266225751,308.9395391187485,7.698142372608686,28.080891317023998,1.7925911957784413
2002-07-23 00:00:00+00:00,28.3,A,51933.07808064713,0.4975184260009906,489.9609570474996,13.058034828875137,27.559072728492087,9.857227287902983,484.15328326860543,6.369525286421913,10155400,1.1166950883793092,292.4968606309649,10.121905930969035,27.470773330261636,1.7117286076858815
2002-07-24 00:00:00+00:00,30.1,A,51829.001258357166,1.3220598947481528,486.85539252162346,11.826468053825929,28.791889795290576,10.102914441654663,503.8392760463474,6.16878372003677,10155400,0.487670422574435,285.8438746400804,11.21044892354712,28.865833330399425,1.8582243731200676
2002-07-25 00:00:00+00:00,30.7,A,51722.47639906941,4.813237572933872,398.4047160043142,10.949583559043216,24.71811885353077,7.447203086518316,502.0526852997404,4.79438719930868,10155400,5.456496880117817,246.5051442693465,8.56721882318601,24.70679299349416,1.257287224112568
2002-07-26 00:00:00+00:00,30.4,A,51613.55738928813,0.2157173586285952,495.1912008487674,10.144980331175384,23.237728980127383,5.649300514716638,392.8056345180779,5.633072824940754,10155400,1.6831026529129958,290.50386816214615,8.325964708134507,24.25164754671448,1.2784752310469054
2002-07-27 00:00:00+00:00,31.3,A,51502.3024729336,0.0,492.5589681119099,9.260653827340215,24.20727938382193,7.167066061727694,409.2887586276041,6.169859545760071,10155400,1.1023765258290563,292.12842984475554,6.1113632382510445,25.32521375937904,1.4261769662460986
2002-07-28 00:00:00+00:00,31.4,A,51388.77467115023,0.0,505.49858237424337,8.537746243463001,23.095235287933093,5.467106566183734,350.5231560581647,6.164064368438232,10155400,0.2810225480470468,315.6934438164267,4.248420946555655,22.25545084635172,1.2682797210380818
2002-07-29 00:00:00+00:00,31.1,A,51273.02321216039,0.0,532.7882143736616,7.742822699938526,25.99552890410991,6.398137524427073,360.573310886256,6.235663091855549,10155400,0.0,310.4548776585152,6.213279105874449,25.61524577981953,1.555040397415732
2002-07-30 00:00:00+00:00,28.1,A,51155.11875730111,0.0,550.2331259740633,6.906932594281088,28.77703000835633,7.59266233560247,384.9085592543999,6.26904413824235,10155400,0.0,308.84905600968085,8.383080778594376,28.04057633560643,1.899904449121527
2002-07-31 00:00:00+00:00,28.1,A,51035.10680262108,0.0,518.4113084853411,6.047225236515636,28.19875536446575,9.011037556698898,440.8290225451182,6.848982243309782,10155400,0.0,303.6703733242827,11.452273274038646,28.156109605590586,2.0190480879377866
2002-08-01 00:00:00+00:00,28.1,A,50913.05022374176,0.0,492.2531812658573,5.321243347841135,26.12658504857034,8.56476477902097,440.2530746862458,5.3692940050893565,10155400,0.0,257.5719458958609,9.086164620688578,27.12892189619504,1.813988509739893
2002-08-02 00:00:00+00:00,36.3,A,50789.00527395127,0.0,343.3599846015284,4.712165176760924,21.86048970963201,10.793334433511944,720.4957606695751,6.300377675780302,10155400,0.0,270.0274272146965,9.800160880243766,25.999357133486342,1.637421265715406
2002-08-03 00:00:00+00:00,32.5,A,50663.03411131656,0.0007967756622260462,483.5020617387663,4.242483387425934,24.90199773846962,8.031075162650263,423.4358844406025,5.744942971530482,10155400,0.5993171760394145,257.8013554411348,8.200153322918823,24.641520508967005,1.4041735626646978
2002-08-04 00:00:00+00:00,30.0,A,50535.18620514953,0.0,459.7040442620536,3.790400273488977,23.654721930688428,7.937738100759646,446.9398428260044,6.529381432107663,10155400,0.1670996503081309,280.06412493563147,8.734128823416313,24.948434031571708,1.5013243551926774
2002-08-05 00:00:00+00:00,28.7,A,50405.52239921797,0.0,481.8431010137424,3.3865676243191145,24.253671761748773,7.380900577389755,411.91341503215926,6.08823910778423,10155400,0.3559109073988946,259.0969862533857,7.546830209335667,23.639515283073138,1.4095487987312203
2002-08-06 00:00:00+00:00,25.2,A,50274.09487993429,0.0,446.6559363027077,3.016517342221363,22.474590801978245,7.322196507832828,444.48008792649927,6.127806588885314,10155400,0.2390904025448982,276.6780736435558,6.94599073045606,24.188588915781224,1.406546015181039
2002-08-07 00:00:00+00:00,26.0,A,50140.95249686625,0.0,468.1166258616834,2.68429754033574,24.01053117610236,7.917213438351773,440.8611508160882,6.106232335653037,10155400,0.0,276.2235381324508,7.375798434134367,24.063501633253566,1.401486702295809
2002-08-08 00:00:00+00:00,26.5,A,50006.16652080669,0.0,503.455389090307,2.456778564586826,22.225267275338773,4.344562308491053,328.9340051325433,5.7377043487939465,10155400,1.4904019897357503,284.03097424904297,4.813778030081835,21.309289318966705,1.2831537091574214
2002-08-09 00:00:00+00:00,25.3,A,49869.773528055,0.0,534.6545207066276,2.2479906408028545,22.97286961275451,2.820272455628132,279.6365455017658,5.699848435048379,10155400,0.0,284.7176988109844,2.3606447352654527,22.06904539539471,1.405762722669852
2002-08-10 00:00:00+00:00,24.8,A,49731.83924723959,0.0,554.281697647556,2.032648564033656,24.99723718017204,3.053415009359553,272.9864078893089,5.804916418552181,10155400,0.0,283.25406566341684,3.3900762192676552,24.285163613064697,1.5921856026297023
2002-08-11 00:00:00+00:00,23.3,A,49592.40400892053,0.0,544.7583622662146,1.7737836779266205,27.25925098764064,5.765967832861042,334.82726768471025,6.854667035220559,10155400,0.0,280.9496590439227,5.44961751280988,26.333753254005387,1.832861279237559
2002-08-12 00:00:00+00:00,27.3,A,49451.52623809726,0.0,490.79541754842336,1.5370487356154103,23.962936656313804,6.488328629440439,371.4671517796597,6.765864011897267,10155400,0.0,276.2844596011301,6.669561818948068,23.432025358223427,1.5383331342234303
2002-08-13 00:00:00+00:00,27.8,A,49309.25453154807,0.0,528.9557454427337,1.3740103752588126,24.23677710565287,4.172036177066492,304.00997040480735,5.498959060846456,10155400,0.0,270.12328293654264,3.7327857525115746,23.7700629965139,1.4265803490898616
2002-08-14 00:00:00+00:00,28.2,A,49165.63893700266,0.0,521.6727320490162,1.191300349025296,25.73980856533456,5.976879671093847,345.3133709572482,6.9737772068654165,10155400,0.0,277.5213352502773,6.211122537422284,25.4413806983722,1.709457824169084
2002-08-15 00:00:00+00:00,30.5,A,49020.724739637975,0.0,525.4909758271408,0.995148432826326,27.76671815291489,7.323354679271516,378.01525200860885,6.864493289025757,10155400,0.0,272.64343857228573,6.73739575756241,26.83695530912979,1.878061239654928
2002-08-16 00:00:00+00:00,30.5,A,48874.56233181666,0.0,511.2018486477174,0.8131639094504808,27.861063218207395,8.146079984161629,407.8171427390773,7.652845102823164,10155400,0.0,272.7198815119152,8.716185208390812,28.19672411344726,2.1247338149509747
2002-08-17 00:00:00+00:00,29.6,A,48727.201393297095,0.0,519.0219780612716,0.6846933175328139,27.43861171186358,6.932539631549068,372.2783483651372,6.8964208041175326,10155400,0.0,268.53492405675945,8.492434350620329,27.75278959754928,2.0754293119982608
2002-08-18 00:00:00+00:00,30.0,A,48578.68619375771,0.0,489.73898404389655,0.576666390509684,26.482079110608755,7.869276135871829,409.7939742699554,6.538531841400927,10155400,0.0,267.134441714561,8.752103626194184,26.15034725701622,1.879479588231166
2002-08-19 00:00:00+00:00,24.8,A,48429.05625735044,0.0,516.4961354497492,0.4948439755406593,27.908290756409254,7.121100089653629,375.5895862159669,6.228072769469908,10155400,0.0059643405262887,211.83495860722047,7.434225103161282,26.50602284155832,1.8306163840697256
2002-08-20 00:00:00+00:00,26.6,A,48278.36768129295,1.2600532886504985,395.8999888764004,0.4386101617174529,24.31938336860189,8.366874182438298,456.1739612833317,6.174700955787845,10155400,2.310140433364283,228.82010570778968,9.347996843490591,24.236971376573308,1.5531985639236394
2002-08-21 00:00:00+00:00,24.1,A,48126.65162605987,0.6159763853315389,429.6774665117456,0.3863508458755523,22.190235388329,6.321104826377661,354.2297825074651,5.4467407075748255,10155400,2.9414847156071926,237.65079827731077,5.987148988508011,22.63787328286054,1.3126804429063696
2002-08-22 00:00:00+00:00,32.5,A,47973.96186503242,0.0,482.199378692981,0.335335679462629,23.51378637747164,5.366625118773779,322.641622868901,5.731157952291953,10155400,0.2476228526681229,259.11283518636736,5.165822595953898,22.726854782295334,1.3864657799455329
2002-08-23 00:00:00+00:00,30.2,A,47820.33045659131,0.0,484.0205427495665,0.2827032883288013,24.241448250779552,5.872932860690478,334.53321038584266,5.826716403555013,10155400,0.0,253.42313023239527,5.611592595185073,22.913390614262767,1.501328565048668
2002-08-24 00:00:00+00:00,29.1,A,47665.804391485566,0.0,502.246295280808,0.2371228048283741,23.89924583954516,4.096238932647046,292.9062915482155,5.236990709160346,10155400,0.0,259.77625312717174,4.075131872439329,22.70254068843093,1.4491391141456629
2002-08-25 00:00:00+00:00,24.1,A,47510.41936623149,0.0,516.9034726006952,0.1842570438110259,26.657632438423445,5.177456691987688,316.6846293694136,5.598017340173916,10155400,0.0,255.6842972437889,5.485975124391246,25.639486452550557,1.7743170847174556
2002-08-26 00:00:00+00:00,22.0,A,47354.21928228963,0.0,509.2414859063304,0.1392028763441334,26.828557271153212,5.70528892148533,328.9607756671488,6.144780547214239,10155400,0.0,251.00226689732617,6.723008076355313,26.02099534087739,1.87276850942718
2002-08-27 00:00:00+00:00,21.3,A,47197.23674955717,0.0,466.9365302291737,0.1166975203915643,23.030632297458254,5.059815680100696,315.2246440656835,4.3342160325327335,10155400,0.4804130107781948,233.0490064684843,4.388001485286566,22.55936050215729,1.3070525837143816
2002-08-28 00:00:00+00:00,20.6,A,47039.518252741385,0.0,469.8105520504935,0.0982195088832366,24.193265467275687,5.950039433716309,336.8152177181011,5.841838238209132,10155400,0.4080103027735793,223.7833118146604,6.36156541473008,24.883272557346913,1.5874378733165715
2002-08-29 00:00:00+00:00,19.9,A,46881.08766832754,0.0,426.1801651704898,0.0868761914925438,22.16862041678173,6.495206220034677,356.3140269425777,5.888719823091224,10155400,0.0,227.07271161244344,7.279019736485452,23.28181673901389,1.4995754030321218
2002-08-30 00:00:00+00:00,18.2,A,46721.99180477712,0.0,475.1961982983746,0.0787588356836185,24.053982773088773,5.341549063658,325.981288926641,5.474662129007719,10155400,0.0723938236473598,239.36009064404016,5.776307226487745,23.92733642335753,1.5600102895204726
2002-08-31 00:00:00+00:00,16.7,A,46562.26263870018,0.0,465.5001204591406,0.0694432515393194,23.82254051812751,5.633164317320133,329.0260364619952,5.34469814641316,10155400,0.0,197.33831705018827,6.86329265768245,21.417210975851447,1.4175255714574828
2002-09-01 00:00:00+00:00,20.4,A,46401.93631526422,0.0,482.25431237382907,0.0585816626375475,25.135362474127383,5.2905218225881,319.11895646450364,5.526567321829174,10155400,0.0,243.23943534420084,6.394148816044492,23.45804936821571,1.508474911931601
2002-09-02 00:00:00+00:00,19.5,A,46241.04434096978,0.0,475.34374110530206,0.0476983601741391,25.53036544932253,5.958084158321221,334.9077246533308,4.610518508454213,10155400,0.0,240.8954029421027,6.550627690073384,23.481874576841278,1.486304330560248
2002-09-03 00:00:00+00:00,20.3,A,46079.61560044476,0.0,427.4729598699926,0.0365157438873637,22.806138275794545,6.222098335053703,343.6126089699728,5.054712345721969,10155400,0.0,219.37886716151192,6.88372552572514,23.9651291686161,1.509878725494361
2002-09-04 00:00:00+00:00,20.3,A,45917.69091932413,0.0,453.29752734884033,0.0259793834511972,25.66479101480805,7.332340832164471,375.8691883029634,5.69885620836072,10155400,0.0,231.2853574406765,8.401244525915786,24.41730619220681,1.5717791553162173
2002-09-05 00:00:00+00:00,20.1,A,45755.29985170178,4.317349247564087,333.07168721884454,0.0150015702867919,23.675281982593557,7.542466843009255,389.32381534014297,5.674642871608858,10155400,1.3851123720419358,203.73745559799025,9.420498952246419,23.469389326108,1.4497138064948951
2002-09-06 00:00:00+00:00,23.7,A,45592.46968740779,14.844205849775074,106.4633239269894,0.0083258081954993,12.420951526606368,7.6094158844198,941.146872904527,3.4485391385390214,10155400,5.879262098345389,139.60172776910454,7.344912139191706,17.409723289910914,0.6618300768976518
2002-09-07 00:00:00+00:00,25.3,A,45429.2360097245,10.871045532557256,134.4746940422093,0.0053021797111343,12.568023227396974,6.3751902564632,912.0630479231552,2.9112952575542304,10155400,11.941889608796329,167.83071716805662,5.031217143469689,15.577549328288796,0.4318904997611829
2002-09-08 00:00:00+00:00,23.4,A,45265.62656362431,6.801454386006838,141.87882273033185,0.0025384619604716,12.014310179601768,5.593708970329484,909.3476464016017,2.024997661362276,10155400,15.86170415713499,144.21104693612406,3.4355970725051748,12.351148532184766,0.2591465791134736
2002-09-09 00:00:00+00:00,20.6,A,45101.6726158004,0.0,417.2061609262398,0.0008403781973317968,17.322460864873864,1.5786283755592307,406.34867410573537,3.2234714123181734,10155400,0.0012119747299424,229.896034879228,2.2659116714730203,16.763629407773635,0.6979260882991825
2002-09-10 00:00:00+00:00,18.7,A,44937.402133371404,0.0,431.706785250568,0.0,19.322621854909134,2.6947530486579345,418.8120408715875,3.5919778092412304,10155400,0.0,217.5133390472944,1.8882954778088106,18.84223534097424,0.8067462089376055
2002-09-11 00:00:00+00:00,23.1,A,44772.84203204375,9.751393502341068,149.9832890089846,0.0,12.436720767555002,5.570243430540325,863.5464913568169,2.225389822708756,10155400,6.621901424991629,149.78416049477315,4.3707003908680235,14.712921363239673,0.3943951848974116
2002-09-12 00:00:00+00:00,26.3,A,44608.024139181165,8.262154967691286,139.28845514730904,0.0,11.802727334422167,5.613773737595392,903.2405138996576,1.8685920636720528,10155400,9.926848987591695,129.09906085148393,3.89906884433924,13.359762630721264,0.2935562185891231
2002-09-13 00:00:00+00:00,23.7,A,44442.97446368867,0.7087050690385401,374.4854862721413,0.0,18.266575034816874,4.090907601487525,624.2850168918725,3.450937212202192,10155400,0.647648353601265,197.4435445951307,2.7517300253259123,18.16269358049982,0.7012396018084698
2002-09-14 00:00:00+00:00,21.6,A,44277.72765938693,0.0,466.6273488467922,0.0,22.323914084226413,2.882954647588136,478.9786408072743,3.560082493079046,10155400,0.0,223.41576846119864,3.48118922618886,21.234384951975755,1.174468700777742
2002-09-15 00:00:00+00:00,20.5,A,44112.303823997136,0.0,446.9475877600051,0.0,22.831009381405973,4.738870242808583,561.1768274538309,4.5696028389490575,10155400,0.0,219.1871967701054,5.223793415019088,21.418741023889197,1.222701144251087
2002-09-16 00:00:00+00:00,21.7,A,43946.72570668419,12.59832676188582,322.9708548453476,0.0,19.57639412683249,2.5225919546005087,612.9617760195555,3.5649296802364363,10155400,8.743266476688087,175.35370387251854,3.2173684479926123,17.47657691088341,0.7159504948447598
2002-09-17 00:00:00+00:00,25.0,A,43781.03444299824,10.92099452817392,171.682522802104,0.0,9.399003308951697,1.8859999324423813,703.168050812786,2.2651562046446414,10155400,10.044205523706887,155.49885102639237,1.3368789396276384,12.57567737457697,0.3298141444225405
2002-09-18 00:00:00+00:00,26.6,A,43615.24366670909,11.68333974513158,180.93387370823743,0.0,8.575882994774716,0.7679532550010872,648.4266445957078,1.8043884644117252,10155400,16.09241605301385,152.45337593315844,-0.05951059012670612,8.541997755375633,0.2151246176116696
2002-09-19 00:00:00+00:00,25.3,A,43449.39253134027,0.0,401.6053353047342,0.0,13.98655091209374,-0.6626348685944806,540.4077891241279,2.6157560688490404,10155400,0.0,211.73768254472617,-2.3189924483422146,12.891554542381641,0.4327592578205047
2002-09-20 00:00:00+00:00,23.3,A,43283.49951868372,0.0,435.8118448635992,0.0,17.953964511735478,0.6344093606143801,558.3962876577681,3.507602604780304,10155400,0.0,213.22670233608025,0.31515507687163336,16.398085566809925,0.7024179260506707
2002-09-21 00:00:00+00:00,22.6,A,43117.58973370311,0.0,422.8051425196475,0.0,17.788876854728258,1.2665309885707667,594.1653895978529,3.996584043740487,10155400,0.0,210.9300669450869,1.814885045969163,16.517112823446155,0.862570912774155
2002-09-22 00:00:00+00:00,23.2,A,42951.69628015644,0.0,452.0591866011713,0.0,19.364699704565435,0.0968458627135511,525.7418796590315,3.8238715794835634,10155400,0.0,211.0677549142152,0.8482055956702084,17.90737724154161,1.107784957024199
2002-09-23 00:00:00+00:00,25.5,A,42785.83859341265,0.0,449.6888467627667,0.0,20.182927689728057,0.7868106077024047,551.4859959561836,3.34454194615314,10155400,0.0,206.77973524712291,1.99851014508954,18.224068675880233,1.0708809346399368
2002-09-24 00:00:00+00:00,26.0,A,42620.05435963409,0.0,440.70760311264615,0.0,21.11414879132405,2.181908319365839,611.6745830038748,4.345767070807915,10155400,0.0,203.76850780489545,2.9965564321805687,19.627245923659302,1.1387222466095643
2002-09-25 00:00:00+00:00,25.6,A,42454.35754475301,0.0,404.2781163109229,0.0,18.51820943968684,2.668628723775083,679.4768789637578,3.7044347143860663,10155400,0.0,167.1911669540077,4.311137382870868,16.97503975513365,0.8970547887409474
2002-09-26 00:00:00+00:00,24.7,A,42288.78259997864,0.0,426.1357444936109,0.0,17.079578567287392,-0.4171346681888973,533.325018952857,3.20802746337568,10155400,0.0,203.05243239315143,-0.23147960283120028,15.308995760942594,0.7651389142846245
2002-09-27 00:00:00+00:00,24.7,A,42123.35609931249,0.0,421.0971731198271,0.0,17.986676236302745,0.4617301499885957,566.9450994853504,3.809487138078075,10155400,0.0,164.8055412368346,0.9252603324483744,16.830724438934283,0.9325231806530077
2002-09-28 00:00:00+00:00,26.3,A,41958.10677304429,1.0406171130495163,320.6715139280278,0.0,14.816688387987565,2.5548690546038464,722.7866687146926,3.139771523186601,10155400,2.041607598361584,158.29972602671998,1.8291773444594241,14.784045233640484,0.7111066670405726
2002-09-29 00:00:00+00:00,25.7,A,41793.0597909502,14.422441992995957,207.2534421974616,0.0,11.42770644370692,2.633860178961701,751.3418452296986,2.665799812966228,10155400,0.6135294447986891,157.19523932727694,1.420638682873573,12.428764861781474,0.4942764917605751
2002-09-30 00:00:00+00:00,26.5,A,41628.23969526439,1.74006191757132,245.5584004370094,0.0,9.892944554995262,1.2567636814768042,675.94468969221,2.250321111354296,10155400,10.190417934755564,137.4369756514741,0.5449456514812709,11.36578426886183,0.4326704852215173
2002-10-01 00:00:00+00:00,44.2,A,41463.68162532806,25.365061460612683,113.75414486949089,0.0,4.994660924304851,0.3143788731331552,629.7417622406726,1.7718551630587085,10155400,24.858095045688074,143.16170395096134,-1.9518598741569804,8.159760512064224,0.2721405566378193
2002-10-02 00:00:00+00:00,35.9,A,41299.40734372457,6.558104393435662,179.47589288709898,0.0,6.496724305383352,-0.8208954387223101,577.9558886763898,1.7043507835369796,10155400,11.072671100691725,157.1762879069999,-3.335017706977169,6.750841529986246,0.2357176078786259
2002-10-03 00:00:00+00:00,21.4,A,41135.44891766222,1.2018701588023764,188.11022124682245,0.0,5.363934760045116,-0.5746062293921682,592.7619887833143,1.4975128283606975,10155400,4.766988890171215,119.79809007454116,-4.050237323754743,6.091599918425288,0.2172416108836488
2002-10-04 00:00:00+00:00,18.3,A,40971.83688951734,0.0,245.43184624815015,0.0,6.849625897146908,-0.441611758914739,597.5179866840078,1.630460827562374,10155400,0.2115892430095707,120.40504121879076,-4.29647631895574,7.938250788319635,0.2793779884406438
2002-10-05 00:00:00+00:00,18.0,A,40808.60249359538,0.0,350.249627191518,0.0,9.806672801469576,-1.7689077919005811,541.4503430762184,2.2125575654477343,10155400,0.0064346267923295,173.32382699788835,-3.1774485070370133,10.12085204221188,0.3794141421095033
2002-10-06 00:00:00+00:00,17.4,A,40645.767533331375,0.0,398.3399135247325,0.0,14.390065003160473,-1.0255935570299228,566.8893078091535,2.413462840560445,10155400,0.0,191.77496153093227,-2.1564856120292006,13.136123782455797,0.5111133337749794
2002-10-07 00:00:00+00:00,16.6,A,40483.37147928379,0.0,409.5359572879896,0.0,15.731009225486146,-1.497418706216279,547.4166521715965,2.6568695014959003,10155400,0.0,191.51607087629705,-0.8424829128060765,14.976100641138714,0.6859117396322028
2002-10-08 00:00:00+00:00,15.2,A,40321.44296671202,0.0,388.6298083610114,0.0,14.958847402169376,-0.95648433991437,569.6780717351064,2.747924457654786,10155400,0.0,191.1699000957756,-1.2461297306159054,13.379315617881332,0.6561788440029308
2002-10-09 00:00:00+00:00,15.0,A,40160.01619224793,0.0,398.0230614118655,0.0,15.876459249224077,-1.3226408462070491,554.0164267174215,2.9146540374824403,10155400,0.0,189.2671613741126,-2.020724008045022,13.977249251161084,0.6856265441058316
2002-10-10 00:00:00+00:00,14.8,A,39999.11897820233,0.0,381.4048173336887,0.0,16.039559572693864,-0.041252937053866,609.0019186857566,3.73165372885814,10155400,0.0,173.7259750926603,0.3280161659513965,16.10766174305428,0.8606509316359076
2002-10-11 00:00:00+00:00,14.4,A,39838.78798376719,0.0,291.6724594885144,0.0,10.278829492618843,-0.1874411988960892,622.1761835632199,3.2651037969971606,10155400,0.0,159.1291097859545,-3.5946863658767825,10.929008411867244,0.5745199189783813
2002-10-12 00:00:00+00:00,14.0,A,39679.05516006278,0.0,393.877919543163,0.0,12.544531119375849,-5.366940518381832,409.6560836471515,2.4960125007446083,10155400,0.0,189.82021040594933,-6.262738378788185,10.373498039200513,0.6381703986258571
2002-10-13 00:00:00+00:00,13.9,A,39519.95311275748,0.0,405.2657341968323,0.0,15.971969133374706,-4.443436929109588,439.247657545496,2.7207564728455567,10155400,0.0,188.08898346113577,-3.492840685237468,13.955260270883969,0.8695210627391994
2002-10-14 00:00:00+00:00,13.5,A,39361.52085401283,0.0,380.9367355949127,0.0,15.012326695264772,-2.82998082526076,495.77030549471954,2.739292111774632,10155400,0.0,183.60335111063284,-3.5557498506347542,13.2706127759497,0.7993022511210889
2002-10-15 00:00:00+00:00,12.9,A,39203.79480027915,0.0,383.1077216402208,0.0,15.36730926574212,-3.0353512837679664,488.39627785473687,2.428000407764327,10155400,0.0,179.298863070441,-3.9306053402284533,13.029600654667831,0.769535561536805
2002-10-16 00:00:00+00:00,12.9,A,39046.810861866514,0.0,373.7010736562388,0.0,15.498740663783204,-2.335752308618226,513.1762389528944,2.260554780662712,10155400,0.0,177.04482436235622,-2.6459511223745835,13.38842303453066,0.7609759085243313
2002-10-17 00:00:00+00:00,12.9,A,38890.60603859316,0.0,371.1850825899238,0.0,15.758097479052976,-2.4999459966432087,507.0090818715825,2.314043817313444,10155400,0.0,175.54013583172616,-1.3912920741638004,13.728732228808894,0.7739449924073831
2002-10-18 00:00:00+00:00,12.8,A,38735.21412524,0.0,363.3289378679035,0.0,14.8836284240371,-3.1237982510577877,484.6772302370384,2.5032229110426822,10155400,0.0,175.1563670872334,-2.046936495788657,13.379870645453025,0.7851219572012468
2002-10-19 00:00:00+00:00,11.9,A,38580.67996936091,0.0,367.8636207967343,0.0,14.880985809768475,-4.032459513328568,452.9803135851979,2.0656037818072632,10155400,0.0,174.89544798297547,-2.6060821411184634,13.215512840846941,0.8083609546339723
2002-10-20 00:00:00+00:00,11.9,A,38427.04566327033,0.0,348.6028946384527,0.0,14.256045553477188,-3.131634453279123,484.644569597135,2.37761739478872,10155400,0.0,169.99690570449783,-2.2276554387923966,13.346325798685257,0.7928611114928813
2002-10-21 00:00:00+00:00,11.4,A,38274.34652907116,0.0,346.50486333141043,0.0,14.170869292978477,-3.1707053380452024,483.8605944915796,2.425591874485713,10155400,0.0,165.38279214179184,-2.2370865926944816,13.096623102229785,0.7600131158470301
2002-10-22 00:00:00+00:00,10.9,A,38122.62643906654,5.916036212463239,170.21191062437882,0.0,8.258579327382062,-1.2091574125471798,563.5603936439886,1.8952633306783275,10155400,2.7733110010957174,116.56755368347962,-1.4691647469223312,8.807733497507627,0.4453290260339244
2002-10-23 00:00:00+00:00,10.8,A,37971.92593884901,10.701147191133527,186.25552348730545,3.905463904640858,6.156005880947755,-3.413056689421705,486.4294501109805,1.4535777224764357,10155400,5.723561172039389,121.57192039659336,-3.505125822617231,6.734665356368055,0.3120095728103767
2002-10-24 00:00:00+00:00,10.8,A,37822.2941630899,5.196767497095303,211.7475821437997,7.00814404425175,5.645039331870678,-5.314777157269944,415.2953767371661,1.442956190023917,10155400,2.4811557205692822,127.46907843226133,-4.970989357746646,5.91534361518228,0.2859206894659575
2002-10-25 00:00:00+00:00,10.9,A,37673.77246541132,0.0,309.31495569773404,6.9936092354514985,7.720323013776879,-4.994403429433902,423.9127256287333,1.5504844586790991,10155400,0.1217086189119837,125.10900339188532,-5.4788932368947485,8.388613031544253,0.3821377918931392
2002-10-26 00:00:00+00:00,9.5,A,37526.40114695662,0.1403354693845644,301.2831572588875,6.867405166445431,8.304101619525726,-3.97684974715947,457.40854683934975,1.821331426084518,10155400,0.0,139.75038955773135,-2.8878216570479367,9.337532021192828,0.436023927789875
2002-10-27 00:00:00+00:00,9.75,A,37380.22909272057,0.0,319.48794769349564,6.861726850202127,8.346829047859103,-5.047866744720561,424.1737971581912,1.5009987821724964,10155400,0.2355458203534041,152.62078703712876,-5.004082471181505,8.272955179208623,0.3664457761273351
2002-10-28 00:00:00+00:00,9.96,A,37235.31078736357,0.2517275946866615,277.11577271022816,7.011651855660288,4.927956521539956,-6.212837874152769,387.8362544634597,1.372784996896106,10155400,0.3917791235472353,113.66193889016148,-7.574579284628612,4.093284266711009,0.2410946623835986
2002-10-29 00:00:00+00:00,9.96,A,37091.68208611681,2.181487613576356,235.49360751910817,8.747675578283637,2.621901356075703,-8.309781650029459,330.51828711529726,0.8104611745128736,10155400,0.7784590984700909,94.40704787294216,-10.801667934069997,-0.04632828275890688,0.1397409256906359
2002-10-30 00:00:00+00:00,9.59,A,36949.40343167388,2.6024387767201445,227.68820590200545,11.14141026501832,0.8086778633918054,-9.010362513643674,313.82620962722206,1.0395009171701268,10155400,2.468174143787294,108.58717132175003,-8.731013471731899,-0.26158481656602817,0.1645633493813068
2002-10-31 00:00:00+00:00,9.21,A,36808.518375363565,0.0,343.9252381359902,11.14141026501832,2.0398835837785443,-13.094958673087984,227.0429832872414,1.1864296170388664,10155400,0.0,149.9434730025614,-11.061846262942197,1.6947191559893326,0.216760257689302
2002-11-01 00:00:00+00:00,8.33,A,36669.07075909217,0.0,324.97905000179327,11.14141026501832,-1.6772592544740277,-15.68569521005449,184.01987556126087,0.9783761775723608,10155400,0.0,154.58800267512123,-13.724007998649142,-0.3080456364123165,0.1926534040646136
2002-11-02 00:00:00+00:00,7.63,A,36531.12339652275,0.0,314.92322309967057,11.14141026501832,-3.032858168070729,-16.72414416068612,167.20503549590742,1.0623313175921278,10155400,0.0,154.3649419808589,-15.181371322100517,-2.9486440904421443,0.1775492066126444
2002-11-03 00:00:00+00:00,7.1,A,36394.72368579087,0.0,363.7006647325679,11.14141026501832,3.190265389567808,-15.972774440065804,177.61979571849062,1.220009761459246,10155400,0.0,156.95788226859938,-15.206445016980751,1.5361169038282583,0.2765850873417222
2002-11-04 00:00:00+00:00,7.0,A,36259.92550271164,0.0,314.76690841326376,11.14141026501832,3.644614693154149,-11.18386728848736,260.5982833410593,1.537126241557471,10155400,0.0,150.9855239328246,-11.150875119647196,1.9819493211787176,0.3048589949612568
2002-11-05 00:00:00+00:00,7.0,A,36126.77546898372,0.0,308.6208667887353,11.14141026501832,6.378941134168162,-8.385897246042038,325.1476388653072,1.578388271976774,10155400,0.0,149.68967392277642,-11.259000960804315,4.444483989444336,0.3464473374720043
2002-11-06 00:00:00+00:00,7.0,A,35995.33656141725,0.0,343.44793590626847,11.141394168172033,12.124529951598053,-6.613235895464443,372.517142353639,1.9106511082550843,10155400,0.0,149.6251997005786,-6.756017949916384,10.013107977686502,0.5987314941425896
2002-11-07 00:00:00+00:00,7.03,A,35865.66040692524,0.0,298.27386504224967,10.83841999820318,9.401260581352176,-5.117413806560932,418.4207583173464,2.916413142656656,10155400,0.0058640551163538,127.18646219977664,-2.5467247068829124,10.179189407335002,0.6681657814162079
2002-11-08 00:00:00+00:00,10.5,A,35737.802423285524,23.406771387219397,118.90067963887154,16.043926220764867,3.0785313269431445,-3.45002719330414,481.0623784336751,1.868894700930916,10155400,23.896866531187296,92.97769805621736,-1.9443382901355903,7.156863061025206,0.3021341713608477
2002-11-09 00:00:00+00:00,17.4,A,35611.8150385487,13.675715645751092,168.52531782117572,26.1149806589438,1.6697696767379635,-7.710543471442536,360.4716282816881,1.4308745591731555,10155400,14.810179618349968,99.08775463169472,-7.170172803164746,4.688129974026651,0.2166448762539235
2002-11-10 00:00:00+00:00,13.7,A,35487.757217654,8.161367523961578,147.5254974901247,32.88442709816326,-0.3649462448429342,-8.383346208015936,329.36537062285146,1.0974393800137776,10155400,6.370150719087386,101.35873359163188,-8.00897580249216,0.5685510746833984,0.1726556153314697
2002-11-11 00:00:00+00:00,13.4,A,35365.68987124688,1.4548370704561595,235.66261752295105,34.02978220599653,0.1557119296020615,-10.84857292752369,281.2057647474394,0.8934453739152568,10155400,3.161282692612388,102.15787238883496,-11.275627794877266,0.8032462044790805,0.1566931985176705
2002-11-12 00:00:00+00:00,11.9,A,35245.66120876556,2.321592354596548,296.8213626972053,36.35128922027267,6.033564465381905,-13.107702474943013,225.9590686056808,1.090723761011335,10155400,0.0,127.90570781426926,-12.056320303840039,4.696066292352953,0.2837813175550515
2002-11-13 00:00:00+00:00,11.3,A,35127.739083657456,1.4485778729283174,199.71840160374103,37.08267669573672,2.698090328077756,-6.742646773422058,370.50976376344767,1.1021493914296012,10155400,1.4445637029625404,90.62542134149976,-7.3276702990223725,4.16377037690836,0.2425822075375488
2002-11-14 00:00:00+00:00,11.0,A,35011.981378935765,0.0,202.4338073863386,37.02384471885055,1.304396848911392,-6.889778882971725,369.015677035712,0.9873283016302002,10155400,0.0,96.37028375137642,-8.87452682431092,1.3721894063788795,0.1677026021266534
2002-11-15 00:00:00+00:00,9.67,A,34898.43615373848,0.0,262.04860080164906,37.02384471885055,1.4585212879798275,-9.875064595375674,292.2040307383991,1.0598852684194162,10155400,0.0,134.2066446535215,-10.604422406649178,0.7904229054868779,0.2188327691190673
2002-11-16 00:00:00+00:00,9.25,A,34787.16927191619,0.0,317.35685600342697,37.02384471885055,6.617974694981919,-9.437039521293505,300.0801518177855,1.658279695337432,10155400,0.0,131.84122996473073,-9.773644459953687,6.177556297771332,0.4372042001429378
2002-11-17 00:00:00+00:00,9.14,A,34678.2331504792,0.0,269.0851817061683,37.0111771472308,4.695966173839778,-7.268108344826756,356.1088665682452,1.626806917356804,10155400,0.0,112.03097000813308,-8.173832284376942,4.800614181711808,0.3540346771921954
2002-11-18 00:00:00+00:00,9.04,A,34571.69019641894,0.0,307.0990565098986,37.0111771472308,4.343993663234574,-10.595707907598156,275.0125984828234,1.2566531690343912,10155400,0.0,128.64144568404564,-11.259687209384765,3.418391260260364,0.2992813269394602
2002-11-19 00:00:00+00:00,9.7,A,34467.597875751875,0.0,258.6661151450511,37.0111771472308,4.383300839051029,-7.120463023682874,358.3282666134788,1.2441282363892765,10155400,0.0,114.45573684827473,-8.518339532906339,3.438745177047224,0.2862525947384876
2002-11-20 00:00:00+00:00,9.93,A,34366.01647646372,0.0,287.52250541250464,36.70297666371808,8.55345778180611,-5.158135079202996,416.3813734380768,1.0780134545595474,10155400,0.0,123.43413413687148,-7.095033049932283,6.486783583211832,0.3013639829016978
2002-11-21 00:00:00+00:00,10.1,A,34266.999013215354,0.0,300.5680222946507,35.688833945254856,12.673705679410164,-3.021124288377552,488.9745672570826,1.2563215555050942,10155400,0.0,123.56640261707474,-3.7643137727068847,9.866696545642583,0.4938780369783887
2002-11-22 00:00:00+00:00,10.4,A,34170.607627621044,0.0,288.54914197931527,34.69683927472764,12.34159309404171,-2.810459556694328,496.8092192576995,1.5376050386973297,10155400,0.0,122.0345286505317,-2.0329270370579593,9.950961005961005,0.5298124966911489
2002-11-23 00:00:00+00:00,10.4,A,34076.89323459956,0.0,232.7623836326997,33.657404858555935,8.495319764391015,-2.257539133145705,519.4993691584575,1.583854787741706,10155400,0.7572570190017578,92.89219109789346,-3.209653447236235,7.441015876856511,0.3858807357729216
2002-11-24 00:00:00+00:00,10.4,A,33985.914888541745,4.937305127959829,163.81674415098473,36.69150027729384,2.652243310568273,-6.8476840338558,373.4199657681913,1.0792296835777986,10155400,2.577668577419137,105.86639655901142,-6.956336450651747,2.973182280720664,0.2040817227483836
2002-11-25 00:00:00+00:00,9.95,A,33897.73009126687,0.0,247.78101656110812,36.69150027729384,-1.4035878256521523,-12.662445148698971,233.73347515129828,0.9681008842996802,10155400,2.2037603169456124,120.1245312321487,-11.842630969910829,0.4614763335846419,0.1984792449776096
2002-11-26 00:00:00+00:00,9.44,A,33812.389054268075,0.0,287.5468856827583,36.69150027729384,1.969811168752704,-12.866180003280142,228.21927879868664,1.0337221856449677,10155400,0.0,118.69734327731382,-11.042577225940477,2.9058639198356104,0.3128289889629734
2002-11-27 00:00:00+00:00,9.35,A,33729.95031450269,0.0,277.46629662764053,36.69150027729384,3.171201567844103,-11.08118140581125,262.54877032254086,0.9885750862931642,10155400,0.0,116.93924616948244,-10.321194133191057,2.7201910875771773,0.2730350110749053
2002-11-28 00:00:00+00:00,9.25,A,33650.46056673604,0.0,290.3558582640736,36.69150027729384,7.648422284365488,-8.533906385611322,321.2930094950379,0.7913906037376032,10155400,0.0,114.5785273844408,-7.915401008523816,5.980410810830449,0.3503202807251031
2002-11-29 00:00:00+00:00,9.32,A,33573.976238517665,0.0,274.57830741455,36.62016809200878,8.973465635404038,-5.957576704171178,391.7847294903158,1.0843641660345091,10155400,0.5868856843316178,115.81187272523196,-4.951140502241856,7.39826423208109,0.4782048068455199
2002-11-30 00:00:00+00:00,9.25,A,33500.54682135743,0.0,268.69512268966383,36.43535054599551,9.05822623689422,-5.46213049549079,406.8436653403631,1.1296740308853035,10155400,0.1423119700798479,108.19597193099465,-4.527948124624231,5.648867063006492,0.3692307098705347
2002-12-01 00:00:00+00:00,9.49,A,33430.21854143988,0.0,224.0601851718029,36.39372808998436,4.775094930824156,-6.191403146706096,385.6765953845917,0.7585754578711952,10155400,0.0,95.74719570320616,-7.283809332033741,2.8618492869841816,0.1769741226591197
2002-12-02 00:00:00+00:00,9.36,A,33363.0412025388,0.0,255.5463240716994,36.39372808998436,5.2115996904047295,-8.04481964144182,334.5018223884579,0.6773462292334995,10155400,0.0,111.28035699075409,-7.74700684314206,3.2391604204576083,0.2144992868279783
2002-12-03 00:00:00+00:00,9.08,A,33299.05938678137,0.0,265.5493498708198,36.39372808998436,4.753417208845823,-9.280129533035565,303.8783743203038,0.7095481664611596,10155400,0.0,111.23949227676002,-8.049185164633627,2.282768287956003,0.1966047682382294
2002-12-04 00:00:00+00:00,10.2,A,33238.31805454239,0.0,220.91038227169895,36.38537058127112,3.901552614306119,-6.713739832093025,370.55121722974616,0.7123571069516241,10155400,0.0,102.1423415388535,-7.6553059718607415,1.858000335809038,0.1629876700508373
2002-12-05 00:00:00+00:00,10.1,A,33180.85707644984,0.0,241.73639566583617,36.38530311815615,3.7596926191580713,-8.230483079381795,331.72702235792985,0.603433552664907,10155400,0.0,107.42913926649317,-9.449731717809982,1.438682451872296,0.175768827240883
2002-12-06 00:00:00+00:00,9.38,A,33126.7278358798,0.0,265.03251277447174,36.38530311815615,3.8364517905820152,-10.051761536040612,286.1336688636603,0.7808961458192945,10155400,0.0,111.0138867152727,-9.911142815379435,2.419675996681974,0.2658720240700227
2002-12-07 00:00:00+00:00,9.58,A,33075.95623667746,0.0,254.58202357349325,36.38530311815615,4.061725831336704,-8.93335493426341,311.7371443259172,0.8579704630105773,10155400,0.0,101.96270553837144,-8.425434538045579,2.2706323357247697,0.2783047939420442
2002-12-08 00:00:00+00:00,9.63,A,33028.584493421804,0.0,280.4867371177071,36.38530311815615,5.149332039485805,-11.183725167005258,260.8885816365589,0.922772128344754,10155400,0.0,111.03990294715356,-10.181186584908346,2.5259265755024103,0.319991787879538
2002-12-09 00:00:00+00:00,9.64,A,32984.64516252144,0.0,276.6277760439316,36.38530311815615,7.49756276696889,-8.894351803106385,312.06437663035035,1.157978205547327,10155400,0.0,111.31303789220246,-8.149481492479651,4.095057531112275,0.4048487471109243
2002-12-10 00:00:00+00:00,9.65,A,32944.17021149382,0.0,216.01278152814092,36.38530311815615,2.8900173123558464,-8.092713373996553,332.85014261985526,0.9141660740531572,10155400,0.0,101.27139297129874,-8.545857229156354,0.5703891156993564,0.2217998020929281
2002-12-11 00:00:00+00:00,9.72,A,32907.19608253819,0.163190795009979,127.29070065049751,36.378098498222,-0.9218524973120276,-6.760943731273685,370.53373823251513,0.5643167387421817,10155400,0.0,94.90277314640356,-11.100718814768356,-1.0736793429215936,0.0967034275141048
2002-12-12 00:00:00+00:00,10.4,A,32873.742077767514,0.0034361877364411,156.87059575388636,36.365045409958014,-0.1888872925757337,-7.233231907707662,359.3308142460431,0.7468217273886677,10155400,0.7735209740040336,68.96064547295678,-8.07749351513371,0.390177567337048,0.1378801554487294
2002-12-13 00:00:00+00:00,10.1,A,32843.83631077283,0.0,244.40769493522225,36.365045409958014,4.432454333511705,-8.43570577113606,324.78868724521493,0.9096201919453863,10155400,0.0,97.91451764343252,-8.372529891602312,2.903273200394608,0.2163930084658814
2002-12-14 00:00:00+00:00,9.95,A,32817.50338834802,1.380401260473607,210.93064296780724,37.4861415760069,5.9355674627804245,-5.811974629814505,398.8570432786778,1.0844188682454188,10155400,0.0846336256453696,103.2684554739432,-6.636292620963559,4.114280610020273,0.2521471455696901
2002-12-15 00:00:00+00:00,9.79,A,32794.76203846034,1.1834364555781554,186.70437729740192,38.24595748718296,1.8815623902827092,-7.790917970015473,348.1962122760525,1.319042352001057,10155400,3.0173411876501173,85.5521299023881,-7.4145894765223375,3.0072888778129823,0.2389606727795773
2002-12-16 00:00:00+00:00,10.8,A,32775.62244773552,7.663378510790426,148.43965229238734,44.63314895231583,0.9690118040807564,-8.385625997520435,329.6308283976922,0.9236767561044872,10155400,6.661421363559507,81.22318615422458,-7.623460534195317,1.1928365103799479,0.1597946679256656
2002-12-17 00:00:00+00:00,11.2,A,32760.11520784036,13.675310940542683,131.63808886665126,56.2290648409909,-1.554518593775677,-9.267875414506165,308.5567498336072,0.6958046883674813,10155400,12.050081307188195,93.7503990266933,-9.99174535362556,-1.078581631000361,0.1123798173361866
2002-12-18 00:00:00+00:00,10.5,A,32748.235435597115,2.8392987008483264,159.1090163156489,59.06819906214444,-5.270692352642902,-13.667091472959331,214.53929591382484,0.5605855278375701,10155400,3.950643069431051,96.78851909273216,-13.609439218268903,-4.517958040291205,0.0874864408981515
2002-12-19 00:00:00+00:00,10.0,A,32740.001244573607,0.9087750879415768,222.64633561055328,59.97701097833448,-4.588711071265434,-15.362481661005376,186.24803637804044,0.5653868144856223,10155400,0.0106746820573184,105.8080214335896,-15.800129741197566,-5.011923335544793,0.1108668355565239
2002-12-20 00:00:00+00:00,10.0,"A, e",32735.4138638214,0.0881144242621246,199.38701437014444,60.06518115727528,-4.96365495953821,-13.501552214418432,217.42911254865265,0.6671215316450751,10155400,0.5846056583149688,91.80304102809494,-13.064705634450377,-2.5279571099902114,0.126621264884773
2002-12-21 00:00:00+00:00,11.0,"A, e",32734.485715836832,0.1078192114748371,216.99502967548048,60.17295362906706,-3.7815979913734057,-13.179880214484063,223.2694281803385,0.5626022901369989,10155400,0.1666247416825592,70.3688557527276,-12.897417525986668,-3.6012823911439114,0.0906704252182974
2002-12-22 00:00:00+00:00,10.0,"A, e",32737.21114371145,0.0189042244149569,256.5925001304556,60.1918600695034,-2.5360364846765853,-14.53593461224438,203.5217877291774,0.4608682317329535,10155400,1.0497206676025244,88.76217625859444,-12.279207868262915,-2.713210909638292,0.1085140730117389
2002-12-23 00:00:00+00:00,10.0,"A, e",32743.58820011169,0.0,259.77822816793525,60.1918600695034,-4.85098905196245,-17.026818225030283,162.7691043214208,0.5975683001599013,10155400,0.0,104.5007188498334,-14.304521260573836,-3.155541985628645,0.1347951910793841
2002-12-24 00:00:00+00:00,8.0,"A, e",32753.61307803443,0.0,260.0837077690635,60.1918600695034,-4.980025345559321,-17.41122720458109,158.52722759195987,0.4869834357113867,10155400,0.0,105.51556909974418,-17.813753199599148,-5.43781484450534,0.096957192055277
2002-12-25 00:00:00+00:00,8.0,"A, e",32767.28014269519,0.0,221.65832844279467,60.1918600695034,-7.128048635044524,-16.72043599225597,166.4367941393872,0.4728523489592469,10155400,0.6294383371909416,91.29714471089255,-17.94617306269373,-6.205894700056831,0.0857358134500957
2002-12-26 00:00:00+00:00,9.0,"A, e",32784.57291859815,0.4385100661212799,269.67531434127363,60.63041910083408,-3.2295631524834856,-16.788441069395173,165.39281644556564,0.5964160182863963,10155400,0.0,85.37471668846356,-16.457687009416702,-3.3732656730061876,0.1051832271525616
2002-12-27 00:00:00+00:00,10.0,"A, e",32805.48399911958,1.8035942459948324,237.122435371682,62.43397337888216,3.370958908467437,-9.083102571752596,308.33129056214824,0.980301061356193,10155400,0.0,98.58115685045738,-10.54188633477861,2.436267743405267,0.1824877584400488
2002-12-28 00:00:00+00:00,10.0,"A, e",32829.9896424355,0.0,242.12189941290168,62.15429694882256,4.586258100398617,-6.1967420646949805,387.6098969455606,1.565823703666064,10155400,0.0,97.79296211337434,-5.14320716347919,4.893631819463224,0.3360720267525686
2002-12-29 00:00:00+00:00,8.0,"A, e",32858.0787817612,4.727701511765902,143.90304187774788,66.7165602795944,-2.0231247066311626,-9.72601798482807,296.1640505191779,0.85174636561451,10155400,4.99692849254649,81.5126616859179,-10.335625827487547,0.7432651403690897,0.1402248482962201
2002-12-30 00:00:00+00:00,9.0,"A, e",32889.73431534709,2.827050067708207,228.727054274682,69.5435468554778,-0.4696815415829305,-13.157134262697998,222.5200301507029,0.724908002408999,10155400,0.0017664759886746,99.75063031744531,-12.570567130771053,-1.6096274453628894,0.1342876424121455
2002-12-31 00:00:00+00:00,9.0,"A, e",32924.92009889494,9.738017671368931,122.82226112795068,79.28149331278506,-1.7905843799217145,-7.920916712737329,337.4798728194223,0.5559505192737726,10155400,12.359501285626218,89.23437718977794,-9.633463193906096,-1.1659558336783107,0.081796477104824
2003-01-01 00:00:00+00:00,9.0,"A, e",32963.79372412921,0.43032926742584,255.8731913212849,138.31424732208282,-1.460035006138123,-12.705036929034623,234.11108978887867,0.895371597104873,10155400,1.450284888038246,108.42757221142875,-11.364739763713658,0.2986217205288426,0.1837840550374248
2003-01-02 00:00:00+00:00,8.0,"A, e",33005.99074266971,1.6658479122379604,286.0339103258633,139.9800562087543,3.6119147697815417,-12.856915205702371,227.4617069055698,1.008356295635812,10155400,0.0012171300155869,106.09987294213914,-11.475767888490736,4.624289025474809,0.2665374648366774
2003-01-03 00:00:00+00:00,9.0,"A, e",33051.63711751878,0.0,250.5817995918007,139.3448753256219,6.416927416817093,-4.491032450245691,438.1256655991668,1.2748578060905575,10155400,1.86771815167346,67.35994907869402,-3.2089193774573914,6.152096337238902,0.3112032082411281
2003-01-04 00:00:00+00:00,9.0,"A, e",33100.69884540319,0.0,258.68176965330525,139.13883484394267,5.696855867102169,-5.536009590256127,404.6464586620888,1.4342572596523888,10155400,0.0,76.06335532741709,-4.371491700277204,6.773265373075731,0.3709566447792263
2003-01-05 00:00:00+00:00,9.0,"A, e",33153.14051954561,3.590864847021363,188.6745547742286,142.68963441862306,0.910803327971495,-8.698360894693563,318.41618883258747,1.046400021890936,10155400,4.318165500257496,63.48113860333656,-8.653267958018205,2.3925579934629013,0.189286407205254
2003-01-06 00:00:00+00:00,9.0,"A, e",33208.92429103124,0.0007686857100153535,313.1237507834728,142.69040310782273,4.669555759746124,-10.593186998782157,273.10504753519245,1.426171454398199,10155400,0.0,112.66454599989753,-8.094011793848267,5.365175363251808,0.362673989391289
2003-01-07 00:00:00+00:00,9.0,"A, e",33268.01649363156,0.0,323.55350769009937,142.69040310782273,7.413210059301351,-9.16325441574234,305.90710051716155,0.894633984212068,10155400,0.0,114.94484647030944,-5.712659848880605,7.239301405739695,0.5540957580320534
2003-01-08 00:00:00+00:00,9.0,"A, e",33330.36720087058,0.0,321.19554613610387,142.69040310782273,7.675007466299522,-8.388925862069748,324.9482163985937,1.3913627638997126,10155400,0.0,115.81741971703634,-5.065927594060781,6.84110574849484,0.5309802900899796
2003-01-09 00:00:00+00:00,8.0,"A, e",33395.9375733193,0.8694039405778419,278.59158831111824,143.5597875122525,4.142121819045506,-9.279686292698294,302.69543209992946,1.107890223002849,10155400,0.0013745738094342,112.31122201146688,-8.1683943335413,3.7052085909051016,0.2886420604348628
2003-01-10 00:00:00+00:00,10.0,"A, e",33464.681878851254,3.699154737705184,176.17318847193167,147.08288587190478,2.0399862691134807,-7.064641691820476,360.3412554026463,0.8003649479653048,10155400,5.64032633771091,80.68406438911316,-7.909404226234926,3.105812158955871,0.1777413500467731
2003-01-11 00:00:00+00:00,9.0,"A, e",33536.55536840715,0.0,266.5656109034602,147.06771672883298,1.824788873242984,-8.931443154564564,313.4381272651551,0.7233876095844667,10155400,0.710071033838659,85.58829803620783,-8.193484995872666,2.3397166968247234,0.1613700080332581
2003-01-12 00:00:00+00:00,9.0,"A, e",33611.50537559604,0.0,287.33650937849046,147.06771672883298,2.8633949997570816,-9.151898550563857,307.1556653943858,0.9234782078027878,10155400,0.0,108.42557128770244,-9.57301134376388,3.1703027314319456,0.220731290033586
2003-01-13 00:00:00+00:00,8.0,"A, e",33689.48334770907,0.0,294.60805406702724,147.06651246457008,5.7670658512123945,-7.091084715937692,359.09809217975675,1.2317706240880226,10155400,0.0,90.83552533422348,-6.278025225725344,5.467284721518638,0.3144016155739167
2003-01-14 00:00:00+00:00,8.0,"A, e",33770.443369167115,0.0,300.2979120728394,146.94374238160023,6.997411989886949,-5.919683593004619,393.18723276195095,1.272574708894964,10155400,0.0,113.07489518916242,-5.358755852271656,6.415808342809839,0.3599026499752439
2003-01-15 00:00:00+00:00,9.0,"A, e",33854.32895661436,0.0,268.84103638180176,146.9158786523138,0.5258202988519146,-9.949122215309512,293.65473852664326,1.0222330407124312,10155400,0.165525020411659,115.204390290823,-11.327690377292072,0.8357832454288427,0.1764337124229315
2003-01-16 00:00:00+00:00,7.0,"A, e",33941.08270886533,0.0,315.4949391712239,146.9158786523138,1.6271343188685703,-11.915268318344566,245.41392382874471,1.0634339424530463,10155400,0.0,109.01239245247484,-11.471515703612681,2.074925166239211,0.2841862491910684
2003-01-17 00:00:00+00:00,6.0,"A, e",34030.6608952874,0.0,282.541190962026,146.9158786523138,2.1788603345794826,-9.29090355475084,302.5396697227929,1.1954950918538447,10155400,0.0,123.2311725095034,-10.052981059890897,2.271043554758762,0.2961387527330457
2003-01-18 00:00:00+00:00,6.0,"A, e",34122.99990749699,0.0,325.6697967431966,146.9158786523138,3.409926862539752,-10.762387153467325,269.26037605511016,1.2580053738939998,10155400,0.0,123.07384354690484,-10.166410774560404,3.49362852468812,0.3134154188327256
2003-01-19 00:00:00+00:00,6.0,"A, e",34218.04868230308,0.0,352.0830990264331,146.9158786523138,7.802230804102066,-8.981065820506224,310.0811617692696,1.3951668344461443,10155400,0.0,128.07022168127824,-8.570505088887728,5.53168173419931,0.400141944603508
2003-01-20 00:00:00+00:00,6.0,"A, e",34315.75044764629,0.0,335.3967479988329,146.9158786523138,6.932373568793834,-7.910755639761149,337.05596011444135,1.4953411002070065,10155400,0.0,126.33981860487955,-6.668546460266839,5.051647964899701,0.3580099553058527
2003-01-21 00:00:00+00:00,7.0,"A, e",34416.044956879494,0.0,305.4486865761118,146.91585474277844,5.586645600842319,-6.8151620005199405,366.73066698088,1.3206884765814086,10155400,0.0,124.04422919366816,-7.081071369952042,4.413085199741943,0.2768396614771796
2003-01-22 00:00:00+00:00,7.0,"A, e",34518.87703205701,0.0,245.2648591160113,146.49048882111498,3.932868379458383,-5.048762728565155,420.3326860838631,1.1289921554048454,10155400,0.0,119.4874990771367,-7.541971647931689,3.216842630376618,0.2155306998331209
2003-01-23 00:00:00+00:00,11.0,"A, e",34624.18969387867,1.8260812000784068,238.0922860548553,145.3299244363668,6.57683833409167,-3.2158004786035805,484.7169558194931,1.414756255945711,10155400,2.216445466611105,71.44878469267064,-3.5981217021021052,6.419319963675207,0.3132107886525698
2003-01-24 00:00:00+00:00,11.0,"A, e",34731.92689114996,0.1751800829334755,222.53434274196144,144.40944658019797,3.783953298460999,-3.8663507215184576,462.5878198276992,1.0108314090655752,10155400,0.0752695371888751,93.49386558516692,-5.046986586725097,5.343082706073517,0.2551923100737986
2003-01-25 00:00:00+00:00,10.0,"A, e",34842.02576444335,0.0,199.96121230480037,143.63120742630198,2.571901929662208,-4.185717153093069,450.14740925547,0.9871131313694336,10155400,0.483000772429272,103.78975759412675,-6.725880046478892,3.9048822797562934,0.2175089078930678
2003-01-26 00:00:00+00:00,9.0,"A, e",34954.4300267885,0.0,331.1248841690217,143.32905417034078,6.991878911277059,-5.963108218207458,394.09214010635935,1.2038903850428424,10155400,0.0,129.41728017550997,-7.452442784818459,5.565665549355572,0.2702750955191796
2003-01-27 00:00:00+00:00,9.0,"A, e",35069.077669185834,5.287837454700623,235.11278742712415,142.4304528622604,8.000559608734093,-3.8603483206715454,460.5113326809331,1.753780123980055,10155400,3.0859856164384305,89.44610334231015,-2.2943453771731015,8.295917929325412,0.3966443232827961
2003-01-28 00:00:00+00:00,11.0,"A, e",35185.919791809254,5.829010104197108,239.3487267642449,146.06719681758068,3.963233947468428,-8.047179290135228,346.54961743683384,1.0863298844031235,10155400,8.398793948724652,102.84861231160929,-7.573798075078855,5.140410793105502,0.1999681018422099
2003-01-29 00:00:00+00:00,11.0,"A, e",35304.89268043861,0.0010415368033341,358.0082561786466,146.05421828367895,4.747157807585718,-9.432093356341824,302.7535227688253,1.3419275764841458,10155400,0.0,126.7594193296242,-8.18034568707668,4.352066956793124,0.2961217631254764
2003-01-30 00:00:00+00:00,10.0,"A, e",35425.937255224,1.6340577446767757,224.27667116270416,145.42452030037074,3.7406375585574287,-4.500398266742291,437.7772542516476,1.46342080250739,10155400,0.7537052111447935,75.4470506815753,-5.647091700756164,5.87732578652566,0.2380695631906707
2003-01-31 00:00:00+00:00,11.0,"A, e",35548.99753598504,0.0,301.23715655497654,143.30968187748806,9.679619300404555,-0.964504694771934,571.548774761678,1.5885618416986065,10155400,0.6025465764522817,138.27550243869553,-2.0896643343863275,8.420672779343647,0.3136888975210334
2003-02-01 00:00:00+00:00,11.0,"A, e",35674.01539541313,0.8750459460649866,257.1832155563141,140.99221854313814,8.772464751083973,-0.4824672281093181,593.969820259819,2.229762141348917,10155400,0.3062202583161402,115.00366712944182,0.0889775777657178,8.605554620999328,0.4693194934134806
2003-02-02 00:00:00+00:00,13.0,"A, e",35800.94049216832,10.220165657312997,243.95662715755623,148.27188466243834,2.6357689979846484,-8.378877628693623,335.9810003694525,1.871041716352284,10155400,12.370943915956522,124.47342389740432,-8.89330398565653,6.510752407412156,0.3025840104502454
2003-02-03 00:00:00+00:00,11.0,"A, e",35929.71011838702,0.9705805617289937,310.4165312801051,149.22579778391764,-1.2100982039705466,-11.89343321221074,248.4434264192166,0.8845370142896872,10155400,1.8090229000979667,137.5576600303637,-13.983701209774665,-2.6050505071501107,0.1311808512017054
2003-02-04 00:00:00+00:00,9.0,"A, e",36060.26462322356,1.5968652282132496,342.02458684484014,150.82261096619405,-2.9065150002890694,-17.0471527333998,171.44789438053118,0.843123307002572,10155400,3.545811414466076,105.4693797776854,-15.236967530226991,-3.58373503744275,0.1358724587210492
2003-02-05 00:00:00+00:00,8.0,"A, e",36192.56074581556,0.0,379.5418247369551,150.82261096619405,-6.135413826803906,-19.55777335894852,131.64170636969078,0.7720833359147711,10155400,0.0793200006000217,144.14728798810546,-17.752637565340535,-5.847651840364335,0.1208846050962117
2003-02-06 00:00:00+00:00,7.0,"A, e",36326.52826688718,0.0,411.4264222706499,150.82261096619405,-5.585892700113414,-21.231303313383325,114.26430895375783,0.6797962269327155,10155400,0.0,143.47907743063158,-21.47840118275846,-6.232677119281675,0.124866361581045
2003-02-07 00:00:00+00:00,6.0,"A, e",36462.12837334388,0.0,439.9755179201986,150.82261096619405,-3.659123220430314,-22.72087395609143,99.33488722460756,0.8428790992477553,10155400,0.0,163.9030421424722,-23.297052726876785,-5.438712169069561,0.1714198616159655
2003-02-08 00:00:00+00:00,6.0,"A, e",36599.30372585992,0.2584608930977517,430.7148989383203,151.08113743082393,-1.5719853246228122,-20.439275017094737,120.53198757805733,1.0003348679246318,10155400,0.0,157.3583387006447,-19.430849360385167,-4.144416391438028,0.1867107159116292
2003-02-09 00:00:00+00:00,7.0,"A, e",36738.00291710441,0.0,337.8284264235885,151.08113743082393,-4.343257175073378,-15.17718472527373,188.7277252714545,0.8798379412957213,10155400,0.0,129.99161938109435,-19.415637621687182,-5.111594871481259,0.1300459467280148
2003-02-10 00:00:00+00:00,7.0,"A, e",36878.165195535,0.0,421.6088124592727,151.08113743082393,1.948972352278755,-14.125016124367866,206.05889375500664,1.2913560116476557,10155400,0.0,136.36392682819047,-15.564552820171855,0.2294208861886773,0.2105553424447742
2003-02-11 00:00:00+00:00,8.0,"A, e",37019.74832545957,0.0,428.5501441424428,151.08113743082393,4.408049850275937,-12.188963809717253,240.1620747895205,1.445451203660275,10155400,0.0,169.70165446847224,-13.793943837982965,1.743940914483801,0.2997349307047265
2003-02-12 00:00:00+00:00,9.0,"A, e",37162.70587880949,0.510837775515076,431.91253655352585,151.5920320551386,7.205545647460563,-10.662766623343758,271.62542976345566,1.4296703513255624,10155400,1.5501928263392908,157.57814558031794,-9.64357638094691,4.457352519458709,0.3095495220581847
2003-02-13 00:00:00+00:00,16.0,"A, e",37306.97843047303,5.10288765621281,148.78544797466589,149.69031250659393,4.04729578414336,-1.4729267799341914,549.3634330456209,1.3458354435366244,10155400,4.137339124243857,98.91552805302636,-2.513455034615788,5.028577514337655,0.2310670839394272
2003-02-14 00:00:00+00:00,16.0,"A, e",37452.52427919312,3.7532536081942873,187.5073961460133,148.25706432698766,4.437692915472286,-2.4647899179219435,513.804573852857,1.2366119994453473,10155400,2.3646548854733864,119.53015916281058,-4.874963278463554,3.3889838544346276,0.1952467057663193
2003-02-15 00:00:00+00:00,15.0,"A, e",37599.294035147774,0.0557976204226791,376.94733443871246,147.9153053840491,6.294526670711333,-5.728293664772068,401.3672346272613,1.2569718101864478,10155400,0.0,166.2103234837182,-7.953804828287957,3.3405293262747477,0.2196541388380612
2003-02-16 00:00:00+00:00,14.0,"A, e",37747.24352780052,7.115256185340881,259.37186717536,152.784044850744,2.760185161121604,-7.538044385610586,352.55225241599067,1.6226915798244423,10155400,5.789638861635496,126.31590329916848,-7.566750505779964,3.842905351654508,0.2482214471268699
2003-02-17 00:00:00+00:00,13.0,"A, e",37896.319849664615,0.0,426.6778572704748,152.784044850744,2.5616416833302704,-11.56780002913814,256.42003091890234,1.4110843134115234,10155400,0.1590207160450666,165.7903271460338,-10.328455720584259,1.3776494322908661,0.2746563571866005
2003-02-18 00:00:00+00:00,13.0,"A, e",38046.48729878044,0.0,417.51121624425525,152.78320691704718,0.716774787718994,-12.428995396179747,240.47215593045,1.265730345402828,10155400,0.0,146.6016695498301,-11.503564892566999,0.07695317720242656,0.215146739617993
2003-02-19 00:00:00+00:00,12.0,"A, e",38197.69686779625,0.0,473.58006860162976,152.78320691704718,2.965840922888755,-14.334129571048164,205.8275775005261,1.2963902037861217,10155400,0.0,180.85672019920503,-12.491364484808798,0.6215677084245499,0.2361603251278776
2003-02-20 00:00:00+00:00,14.0,"A, e",38349.90586910181,0.00023055836877468303,440.14529673520497,152.7827369958424,3.7629389952084256,-10.63873532372828,276.5851163102543,1.3185819593315138,10155400,0.0,165.87008170027636,-11.13416531879784,1.2401757176483557,0.2233854304457443
2003-02-21 00:00:00+00:00,15.0,"A, e",38503.07686503387,0.0128811275109321,285.39189219181776,152.28138078451198,2.1169417313171834,-5.524210250164565,409.8825494514304,1.291620414024693,10155400,0.0786429545407236,138.1518106949728,-11.032427323089337,1.0664406962725366,0.1737494089763598
2003-02-22 00:00:00+00:00,15.0,"A, e",38657.16306175916,10.363830733116655,182.2720116894874,160.5396932943151,-2.9095366025032683,-9.0616557839573,315.604468334624,1.304883285544889,10155400,8.016052312761897,129.1796124782045,-10.39395928392446,-1.2723455834816377,0.1675475405286732
2003-02-23 00:00:00+00:00,14.0,"A, e",38812.12419473842,3.2874074570558047,282.97926251756,163.82739634166006,-2.763987964532776,-13.097736290799569,226.3360861180178,1.1694977963097724,10155400,3.759056327156122,141.44784009296873,-12.429856593027864,-2.7020913753501645,0.1551314947737454
2003-02-24 00:00:00+00:00,11.0,"A, e",38967.92167732618,4.844824247716574,354.13493175520773,168.67199199062586,-0.7119753054858421,-15.870964840034304,177.94059556865162,1.0728824553764822,10155400,1.2780570668713067,169.14752884389296,-16.509109544461637,0.10396036591208713,0.1639897131818212
2003-02-25 00:00:00+00:00,13.0,"A, e",39124.52099437618,4.956359612167783,258.9108792601382,173.62861041599027,-0.1189539973357032,-9.14888141589502,306.1770336761079,1.1313918957445954,10155400,9.037736667172762,157.58873107701407,-9.090073080200114,1.017868060352896,0.1592499645613377
2003-02-26 00:00:00+00:00,14.0,"A, e",39281.87639935548,0.0,450.3982344924815,173.62861041599027,2.1011573649201147,-11.151553667998096,263.41069664760465,1.0034575085896782,10155400,1.4152650936155984,130.49845565175076,-12.602431296785255,-0.3907123831032777,0.1433270613284696
2003-02-27 00:00:00+00:00,13.0,"A, e",39439.958814018726,0.0,495.7200413935109,173.62861041599027,1.2732983876208783,-14.627539605029384,200.335193633991,1.1213380505105557,10155400,0.0021151573521725,184.63747276551155,-14.897728928465256,-1.3204622363028307,0.154544227173604
2003-02-28 00:00:00+00:00,12.0,"A, e",39598.72446410787,0.0,500.3206741988378,173.62861041599027,0.6694997919982233,-15.324147754620224,187.74450992442152,1.261124974004164,10155400,0.8286536140710015,142.26830298616252,-14.715426397335818,0.76645491369419,0.1966604101728888
2003-03-01 00:00:00+00:00,13.0,"A, e",39758.14385695105,1.2329332035834568,456.0811132390295,174.86167278899063,0.9027925692125962,-14.329038053449828,206.1323420089879,1.26750806316934,10155400,1.6597245014035509,175.32191322044056,-13.517638512520477,0.35036699217511114,0.2099079212910695
2003-03-02 00:00:00+00:00,13.0,"A, e",39918.17885872125,0.2014209405393496,508.4891613599353,175.06306488910852,2.036198866614179,-15.082583763636489,195.4262464493573,1.4822981017282668,10155400,2.1234740944218493,199.67948829221427,-14.92979417845396,0.9137867074609289,0.2043054665544246
2003-03-03 00:00:00+00:00,13.0,"A, e",40078.79440961655,2.503844896627736,451.0872471425874,177.56688473539884,4.512535557044339,-11.6013453084119,254.96488944569995,1.5941538611446808,10155400,0.0955663271189697,140.25549225926025,-11.405202813088124,2.178362853635406,0.2289725275534954
2003-03-04 00:00:00+00:00,14.0,"A, e",40239.95962087687,5.23580562575245,272.3513349376824,182.212546425577,-1.0419555442180717,-10.445446955701648,287.0002780853918,1.4472208942251628,10155400,5.947210280114206,180.01983000547264,-10.66594191961616,-0.037137752114745126,0.1819954746533117
2003-03-05 00:00:00+00:00,14.0,"A, e",40401.63837913077,4.975265121637128,297.4300595711134,187.18775440862737,-1.2008857657034688,-11.437723817540096,258.05174960315816,1.3550458923365631,10155400,3.0732798827031904,139.49013356053172,-11.20227091228088,-0.7526942561809733,0.1698506381371758
2003-03-06 00:00:00+00:00,13.7,A,40563.79985808195,5.105773744176644,260.3800296965638,189.89363556678703,2.846912569562213,-5.284718778172919,416.77522783271775,1.8401212849052,10155400,6.005802267985653,155.15521507991247,-8.010584747485552,3.500891138250438,0.2370630453665336
2003-03-07 00:00:00+00:00,13.0,A,40726.42327854724,0.0,418.75946659522026,189.5887160937717,4.407567116808027,-6.561893190037867,378.92576975021785,2.106737555384933,10155400,1.4824080323831086,178.27280366070076,-7.191006910633291,4.957161987604138,0.2949590090874488
2003-03-08 00:00:00+00:00,12.1,A,40889.45773748049,0.0,513.8414469495846,189.3805999126129,8.211419947280234,-6.956750700598732,366.36469367533925,2.6231446784280954,10155400,0.0,220.95933183378463,-6.155621815502286,7.221039689353574,0.4238513177572783
2003-03-09 00:00:00+00:00,11.6,A,41052.88561723359,0.0,537.1173924203601,189.2849039604972,10.16780295330193,-6.493582770904567,372.8087284049322,2.92867923233359,10155400,0.0,221.13454589211204,-4.4793308979270705,8.965871263743395,0.5254680102769317
2003-03-10 00:00:00+00:00,11.3,A,41216.66711790271,0.0268156274706909,453.0755256950848,188.50850283959275,7.812832411711779,-4.151476671859154,448.8771853928006,2.262761689805484,10155400,0.0,144.92193998003054,-2.3219163921501718,7.939617709281549,0.4183593749971712
2003-03-11 00:00:00+00:00,11.3,A,41380.78437650288,0.0,464.2183918314358,187.01416382703724,9.724923803800284,-2.4420550948017885,511.77030609208816,2.516716307861734,10155400,0.0,195.09883440544772,-2.8552907655903255,9.182791981805792,0.4441232426065645
2003-03-12 00:00:00+00:00,11.6,A,41545.20747116609,0.0,526.7023871362611,186.13876872760403,11.17085323906851,-3.916104023654165,452.2456094419451,2.466957755399388,10155400,0.0,229.0586876508422,-3.524319569520344,8.758491522747136,0.4225137312591104
2003-03-13 00:00:00+00:00,11.4,A,41709.89807532924,0.0,567.9884633109401,185.01229374574305,14.693958394543555,-3.336181060420208,462.9695126515077,3.2139551026671183,10155400,0.0,232.0493040302771,-1.7491143709303856,12.62679953550952,0.6257470191346641
2003-03-14 00:00:00+00:00,11.4,A,41874.83061796911,0.5470455857373638,457.916139724652,184.0998714923344,7.934692864736864,-3.9481734144057703,462.1093607140051,2.766651932295393,10155400,0.8640504496394829,199.3579157900943,-1.7377357218610996,9.510720507037263,0.4963799936951405
2003-03-15 00:00:00+00:00,11.8,A,42039.98548687871,4.825749212536252,336.94396354872725,185.22980685825448,5.967144869932608,-5.037645243769369,422.6090555883587,3.073308074147329,10155400,1.4318749347586268,176.23250419960056,-1.8815347502728628,10.098391741494197,0.5133620344872227
2003-03-16 00:00:00+00:00,13.2,A,42205.32932728584,6.935349206739824,249.5430588598799,184.51551278984,4.317033817115981,-3.215455503301176,486.0385307003587,2.142864862015612,10155400,10.180488342224477,181.93751603270255,-2.9738830005097157,7.571430656831637,0.3338501567424257
2003-03-17 00:00:00+00:00,12.3,A,42370.83144718556,8.148489405142994,203.45482209972712,185.8589933966907,1.3782312452816226,-4.483862047898,443.1099928418846,2.042815761727917,10155400,8.748563794849893,188.1972455397392,-4.819204261918117,4.587595904507737,0.2758337336380923
2003-03-18 00:00:00+00:00,11.2,A,42536.466733514186,6.694235205211817,192.50056351070475,187.07170969436703,0.4775612581688704,-4.863080049112331,429.4831406311251,1.93629356858662,10155400,3.4477584198222706,195.5115554959138,-6.248596074050681,3.752275567247409,0.2461177418166627
2003-03-19 00:00:00+00:00,10.7,A,42702.211596092005,0.7862089330825098,402.7849348758472,186.81880681569768,5.482799105744528,-4.48500384342317,441.4020651871312,1.884077565862005,10155400,1.3379279751202218,206.37785521359632,-8.677687736411599,5.2205961072139075,0.2619288032837637
2003-03-20 00:00:00+00:00,10.3,A,42868.038759938936,0.0,511.2700846409287,186.29052660051065,7.097347746375777,-5.14853421122202,420.6132927871535,2.3746384338919806,10155400,0.0,238.34555014444317,-5.454235389365181,7.29826467430297,0.3670278372662752
2003-03-21 00:00:00+00:00,9.93,A,43033.91184450616,0.0,533.1275589002188,185.9538992236819,7.274315452768088,-5.633224161157051,403.7997182851204,2.1396005072195154,10155400,0.0,249.33462351586957,-9.703301283204894,4.062861230904559,0.2840219436502599
2003-03-22 00:00:00+00:00,9.93,A,43199.8203125,0.0,553.2962459192603,184.56842373160077,11.55011063709162,-2.602615663896861,495.7693409860266,2.2637222470305303,10155400,0.0,235.5101805552631,-7.724351487873321,6.755599155845687,0.3141949942485845
2003-03-23 00:00:00+00:00,10.1,A,43365.72252560785,0.0,359.13545741684163,182.53239389628772,6.528534969099043,-0.95923259522858,578.0817952935291,3.2501178214354325,10155400,0.0069577404621733,199.101183147582,-0.6717978666384852,11.057966004395439,0.5628005129550259
2003-03-24 00:00:00+00:00,10.4,A,43531.60141530647,3.6318272242007033,416.4210058671727,184.9377119336751,5.354414977012366,-7.024590786252988,369.13999012063215,2.3601281350040177,10155400,3.328254049552489,220.79789110333076,-4.725323644333685,6.466539421538982,0.3427562772154148
2003-03-25 00:00:00+00:00,9.8,A,43697.42441529933,0.077982228995564,619.7408787865506,184.99152444746676,9.206435921408966,-8.670064795197636,315.6577191693757,2.842475289871804,10155400,0.0,252.6403334063233,-6.078124160500693,8.214170743975956,0.4426524650205841
2003-03-26 00:00:00+00:00,10.1,A,43863.16896765381,10.171075638501188,413.6976906735334,192.5635213576451,5.143218741746687,-8.183178752403247,342.3881723161266,2.53913210256704,10155400,13.176614767341006,188.38918813322425,-4.563371390740144,7.234501814402506,0.3231547447394005
2003-03-27 00:00:00+00:00,10.3,A,44028.8047550679,7.391181157147998,313.080831226362,199.95234913476276,-1.3779376142145268,-9.640246397891202,296.01592883649306,1.974023987705776,10155400,8.470369044982894,205.10208853238515,-9.147279274121559,0.9379932537253239,0.2429449726141117
2003-03-28 00:00:00+00:00,10.2,A,44194.3071338601,0.0,622.1307819201483,199.9502170771842,2.795649311883459,-13.610353597384409,218.20877843344388,1.987549325343303,10155400,0.0,259.99735196002746,-11.70932584008358,1.722557125358776,0.2544653776910459
2003-03-29 00:00:00+00:00,9.89,A,44359.65417224007,0.6105843831699855,637.2982290765849,200.56078132694643,4.358058180619626,-14.039058255434492,204.021978734949,2.242408947875301,10155400,0.0,265.2272923477124,-11.336831588483108,3.218342143057839,0.289914808150384
2003-03-30 00:00:00+00:00,9.56,A,44524.809490904256,0.8320430733072883,600.7197137416574,201.38049344115973,11.636358290917528,-7.281319152439756,312.96919543034744,2.619950654207039,10155400,0.0,269.67534634990056,-9.379788595846662,7.8220608263837335,0.4093817395763615
2003-03-31 00:00:00+00:00,9.57,A,44689.742099916206,0.0,635.241808148202,200.1041977819528,14.953568936213742,-2.8924921811978708,405.5264062758073,3.1033196262504688,10155400,0.0,265.9020864115808,-5.437223740003105,10.568704260238007,0.5297004358474333
2003-04-01 00:00:00+00:00,9.51,A,44854.43303050889,0.0,544.3780670536595,197.364448686026,13.931075890157894,1.069664243154403,582.7477532970046,4.096383132753073,10155400,0.0,259.62077428037446,0.15829827040931832,10.839500456302062,0.6494703457258104
2003-04-02 00:00:00+00:00,8.85,A,45018.85560904554,2.0357786967711644,492.9491996862111,198.48977599537665,6.873230389574615,-5.72504842776874,385.7894824127947,4.012164299252854,10155400,0.0,204.16226175018608,-5.329330296734383,9.47016975518585,0.5761871791428682
2003-04-03 00:00:00+00:00,9.93,A,45182.97350709729,9.855737335058144,426.2846894043628,208.08090736337132,0.1500946084465761,-13.031306790276956,236.06212480908664,1.7263819012201915,10155400,9.161999616183817,194.3981576653063,-11.258190190098617,0.7584062638268847,0.2114791143031299
2003-04-04 00:00:00+00:00,10.1,A,45346.76212988457,2.761857029330602,528.09209416743,210.8425978682548,1.575707114994009,-15.697655650592878,179.30879594136204,1.909458686325523,10155400,0.1122200457115092,245.2199739936721,-14.629353574746006,1.4792811084534492,0.2458061074558997
2003-04-05 00:00:00+00:00,10.2,A,45510.18926555778,5.860720499768488,377.7042080890161,215.2921572147449,3.134122482888297,-7.691093227002796,347.0412777982732,2.0077103803253418,10155400,8.019117584607004,245.69828574936184,-10.88055284671799,2.003952132619702,0.2328950362441485
2003-04-06 00:00:00+00:00,10.2,A,45673.225944605336,2.610698156146912,423.5161593832466,217.74792411560375,1.0639812891750453,-11.151709210546285,267.37401261611484,1.8901634059899692,10155400,3.4237942723827737,233.3822233460951,-11.422611862105896,0.632089289745636,0.2168888680473792
2003-04-07 00:00:00+00:00,9.64,A,45835.84063472862,0.1039075141782089,651.0382204816656,217.84416861586396,6.225919870346765,-10.827865304902485,251.1420870413805,2.2297556087010477,10155400,1.5436425338929385,277.0430777872989,-11.501598841970974,3.3658255809105526,0.2911816550067392
2003-04-08 00:00:00+00:00,9.2,A,45998.003501514,0.0,713.9272006827434,217.84416861586396,13.78256991741533,-9.877473022390632,237.19079825513995,2.976596052855717,10155400,0.0,285.5969410575369,-9.773929897313451,8.475479181857452,0.5070040862610643
2003-04-09 00:00:00+00:00,8.93,A,46159.68604958478,0.0,680.1831001868234,217.03347573944464,16.067258073552164,-3.9880374018957343,368.2629185326968,3.3342386486373843,10155400,0.0,292.6697358168017,-5.217606889370757,9.783964804704738,0.5754020075172158
2003-04-10 00:00:00+00:00,8.15,A,46320.85524435353,0.0,667.3178650445477,215.5681833102443,17.0599311675382,-2.279806618747304,414.7688667069671,4.382755509798289,10155400,0.0,283.8583413801442,-1.1143270927007052,16.310829821528046,0.9415683179580234
2003-04-11 00:00:00+00:00,7.44,A,46481.47097559444,0.0,650.0871872344567,213.72455663099524,16.758287165467337,-1.3524340062639673,443.7090824694611,4.632386360195975,10155400,0.0,286.51780537819207,0.6619039027802387,16.33911329007526,0.9733845322081424
2003-04-12 00:00:00+00:00,7.33,A,46641.50962448182,0.0,605.6918421594333,211.2486799601316,15.923722068183462,0.3172144400510111,520.2834419009603,4.319262444305781,10155400,0.0,281.7528240507464,-0.3894500775203369,12.73799105140506,0.7471247247035937
2003-04-13 00:00:00+00:00,7.24,A,46800.92513400044,0.0,583.0934848174413,208.65211681503908,15.591796544444628,1.091919603459979,562.8779142277649,4.638698778283507,10155400,0.0,273.70183866391545,-0.06950490974293189,13.879497989553784,0.7611521768727693
2003-04-14 00:00:00+00:00,7.52,A,46959.697084931024,0.8593273943806092,483.5941213455922,206.39241185952676,12.368201150149474,0.2884748735360685,572.0681810598945,4.10572677491745,10155400,0.1702541189649323,241.9959541806579,-0.7209141716534759,12.054817750037273,0.6150216088882622
2003-04-15 00:00:00+00:00,6.97,A,47117.77788256774,0.063267601042791,494.6466397866184,205.83485354287367,6.23895746746207,-4.783336315997193,427.9490687921647,3.171690187602947,10155400,1.75604864319673,229.35314687449056,-4.692432541881715,9.50962024253414,0.4364125072353313
2003-04-16 00:00:00+00:00,6.78,A,47275.13472139847,0.2350635107252783,646.9844064857253,206.0676562518377,9.955318396485827,-8.211367024365058,284.5903696167926,3.127983895329541,10155400,0.0,292.2958065518757,-6.1806127224354555,8.367219433101354,0.4669558078071587
2003-04-17 00:00:00+00:00,7.46,A,47431.73462712393,3.391771653505037,418.6375989768181,205.0434067490268,9.0083916920381,-3.126739976847915,467.52411286275577,3.6093002804621,10155400,0.0,264.14745914209453,-3.5195256293893635,10.549282070241816,0.5837573166080656
2003-04-18 00:00:00+00:00,9.43,A,47587.53596151155,9.20047437987056,319.85995835872006,204.4874379312413,6.518171838450102,-3.038139449835093,491.375170666145,2.7067675842088117,10155400,11.884112846415224,262.8495238641073,-4.4223796530184245,5.8999181831407554,0.3384176533280366
2003-04-19 00:00:00+00:00,9.34,A,47742.4986162774,1.3339764617220031,468.9648568840216,204.33214903491705,7.484535191446152,-3.930861395799595,457.6685097050735,2.6103539550647947,10155400,1.8645309155471308,234.9504751405856,-6.288260978668063,8.234536909143117,0.4104332441742788
2003-04-20 00:00:00+00:00,9.17,A,47896.588967265,0.0,627.1254444321478,204.00860924680023,11.11974436806522,-5.342173503295713,368.2168336429408,3.678904787191848,10155400,0.0,301.8276530415784,-4.663821307610306,11.515232202375898,0.5796634560257701
2003-04-21 00:00:00+00:00,8.99,A,48049.75845100225,0.0,520.9118898861905,202.2078356839782,11.716744828428736,-0.7389811721033329,544.2304258099064,3.977694728027241,10155400,5.1034899263457766e-05,241.96967624490964,-1.855763161639345,12.303571847883518,0.6512943266028905
2003-04-22 00:00:00+00:00,9.62,A,48201.97485728549,8.695765141983241,379.32421177820913,206.78063776150407,7.333975390928818,-4.454102322880016,452.4167271861639,3.205676817713087,10155400,8.663416987864101,256.4477642572174,-2.0236372422436943,10.25555726734001,0.5177894192331495
2003-04-23 00:00:00+00:00,9.78,A,48353.18408668613,0.0,549.5079974354763,206.58068373126036,6.19401676168116,-6.826962663784593,368.9192246574036,3.0092635805243195,10155400,1.3396091673260582,273.3146166301439,-5.146597240416952,8.494686668837403,0.3724298443567435
2003-04-24 00:00:00+00:00,9.39,A,48503.35217831111,0.0,608.3403064552567,205.3513672303583,13.237295734127777,-2.3391981774815944,458.93909193144987,3.817849830407797,10155400,0.0,300.9202108486708,-2.632345836556567,12.658239085474008,0.5429358477465825
2003-04-25 00:00:00+00:00,8.86,A,48652.43616856381,0.0,595.6067168268596,203.56199622664496,14.7784897021997,-0.3066232099937429,532.7041509266189,4.216461107221871,10155400,0.0,306.38738518558364,-2.1712705989415895,12.696561139982009,0.6095821447398218
2003-04-26 00:00:00+00:00,8.27,A,48800.38535251579,0.0,480.631777311516,202.5573089580044,8.759113845865462,-2.243862253347971,520.9301777863647,3.386913968998239,10155400,0.0,244.72760850912917,-3.9200022960454817,9.850972323654332,0.4724893703912795
2003-04-27 00:00:00+00:00,8.09,A,48947.15540830682,0.0,594.9695801945835,201.90264466140695,11.190160023313888,-3.8105068219750615,419.7759173871233,3.861176334856737,10155400,0.0,298.62875697363035,-4.537617396802148,12.409385043396185,0.6040814301016594
2003-04-28 00:00:00+00:00,8.21,A,49092.7043625832,0.0,534.1992364350336,200.18946935653528,12.301741659540529,-0.6857185255070479,527.8587705448772,4.904790812515464,10155400,0.0,256.6433666052281,0.7136520105667614,14.283219745229133,0.8336822063043715
2003-04-29 00:00:00+00:00,7.16,A,49236.98072857938,0.6452120882126894,502.77781564989,199.1695329123528,10.428171183028768,-2.106379891981003,494.9636546722149,4.483336569366601,10155400,0.2802367721490104,290.4650456922677,-1.9094121244734765,12.54128702731316,0.7048742865233965
2003-04-30 00:00:00+00:00,10.7,A,49379.94123422011,0.5496479749586255,509.7400407555229,198.9756892636841,6.97979332472251,-4.909269987634668,416.920810448871,3.027018530633286,10155400,3.8834660952344993,274.3709350882908,-6.125031412841963,7.1451131105215495,0.3976409931419576
2003-05-01 00:00:00+00:00,17.2,A,49521.52605193242,0.3529263066791617,582.5617171439999,198.75424740066748,8.284070702576784,-5.745500885130508,369.8992011854173,2.4842610230771944,10155400,1.2442241149015103,249.8476426242993,-8.196332618618499,6.6347670025699585,0.3135474735402387
2003-05-02 00:00:00+00:00,16.7,A,49661.6928325685,1.4504000898142178,562.6827297050169,199.21491477325864,10.658683969273946,-4.013210774309179,406.3426381051097,2.987584275506077,10155400,0.0,192.1114050326727,-4.704226651927058,11.566478905277222,0.5225872177687904
2003-05-03 00:00:00+00:00,15.3,A,49800.39688084133,4.6164892081446025,331.0093480350513,197.7982864660121,8.473674956162649,-1.108538990707292,568.7225619515073,3.85494883378072,10155400,1.6732865134979449,257.75646212544126,-1.955870400652941,11.27257324969844,0.5561660311890154
2003-05-04 00:00:00+00:00,17.9,A,49937.57084540607,13.469624263182464,357.1633663946684,198.50235095350232,7.179433560218228,-2.940143072495353,498.551143190694,3.0625805996807345,10155400,10.322397576418483,267.88868380603776,-2.782119265790925,8.354441447763122,0.3678338149482343
2003-05-05 00:00:00+00:00,21.3,A,50073.17656301904,4.713066137791592,394.41883702973183,201.1224749206073,5.230433233720412,-6.178131128551629,393.5341759542818,2.272653667186076,10155400,6.197566257408055,230.37539009866475,-6.588652506556343,4.75222009317514,0.25151831552408
2003-05-06 00:00:00+00:00,18.9,A,50207.149684422206,0.8931648397942543,647.7017097281768,201.98693652751572,9.007488773917704,-7.631534765243613,311.16339547873474,2.850677581911817,10155400,1.1203424348157374,258.20798153929434,-6.687942432388752,7.878809811650115,0.3942655001932717
2003-05-07 00:00:00+00:00,18.6,A,50339.444944053896,7.12650659006591,331.0556531425565,200.517031703055,8.342955790131779,-0.9532209037483914,573.1869267188194,3.2173424416365672,10155400,7.449154208078664,274.19367737868106,-2.6542842968593163,9.31268956251563,0.4243042477429343
2003-05-08 00:00:00+00:00,19.8,A,50470.01088772123,7.851761628254962,381.339574533805,199.25410426207853,9.138361641480872,-1.5240351154157257,550.094336720869,3.1709907377524567,10155400,9.928920748578536,302.19100017666136,-4.606514588938751,8.987549253900568,0.3702847295562924
2003-05-09 00:00:00+00:00,22.3,A,50598.77826669605,12.3493372826917,274.6711168516573,200.18300066908336,3.731258326160406,-3.4210589305087225,479.4775827710728,2.7016102432248146,10155400,6.993931704006132,274.50433428908326,-4.886582517364218,5.905440382840027,0.2881072858176512
2003-05-10 00:00:00+00:00,25.9,A,50725.705835732646,8.290232196613923,420.39760954237,200.436412039915,7.838744586046132,-3.644860030787518,470.2211221295331,2.440918520279013,10155400,11.0191306850389,231.5699042561679,-5.417476864822277,6.650774746044419,0.2859251859548884
2003-05-11 00:00:00+00:00,23.8,A,50850.73015686225,0.0072310114404481,680.5070730412709,200.1470812114116,11.233053090495869,-4.958285688237995,390.08680211042144,3.628455964341665,10155400,0.0,312.88894270555124,-6.282841874386065,11.29428162443088,0.4948698570607343
2003-05-12 00:00:00+00:00,22.6,A,50973.79700334276,0.0,704.5125360284827,199.0369795996893,16.218058802330567,-1.9539110963553352,459.59315385111626,4.958143382691456,10155400,0.0,326.6244089712379,-0.16632870554508372,16.025809989135496,0.8138247195914377
2003-05-13 00:00:00+00:00,21.4,A,51094.84611693795,0.0,661.0457808597818,196.83275622067023,17.24021832040751,1.3330162768157183,590.1598411370151,4.34941466868201,10155400,0.0,324.05305215532275,-0.12470611221516492,15.453454869199675,0.7288259467916004
2003-05-14 00:00:00+00:00,20.2,A,51213.81896578841,0.0,692.1866964804543,194.74410000889512,19.30043379660832,1.2864602602799151,568.6629476347844,5.228390395229015,10155400,0.318538839650579,319.45072890117825,2.465459191060404,19.204306216261386,0.9755917650526656
2003-05-15 00:00:00+00:00,22.7,A,51330.66353066645,1.9428267160605703,521.8659899338377,192.1511217236915,17.074051929834155,2.9785196039178947,706.8470581699252,4.895424995107855,10155400,2.168296211037482,308.54358523227825,4.893453100458203,17.817435357014006,0.8271282027085713
2003-05-16 00:00:00+00:00,29.3,A,51445.32044069482,0.0,652.036384756386,189.7916039750131,18.132824846524542,2.159168681777469,612.3806089565124,5.254820523302412,10155400,0.027775028773893,330.7894770010255,3.108560829215378,19.02942023895247,0.909832563354674
2003-05-17 00:00:00+00:00,29.5,A,51557.73203613464,3.3560635817312408,438.03997957041713,187.39942442534385,13.99413516393646,2.476894738618059,693.5828261495964,4.882230964388092,10155400,0.5613131190950006,265.35099770009845,4.451960907813884,18.120568554916986,0.9047803952172307
2003-05-18 00:00:00+00:00,33.2,A,51667.83434998851,0.7430234082791155,628.9859566505806,186.797543587837,13.031092334401144,-2.825851195386748,464.8576363090988,4.002779228783744,10155400,2.124153853077245,325.5267236610641,-3.1875444488520657,13.757989361293141,0.4974093990887516
2003-05-19 00:00:00+00:00,37.6,A,51775.57476924928,1.0019965530202408,652.0911369033506,187.54948749964035,12.457788526281286,-6.13013402998149,347.1822075851672,3.7279308996767537,10155400,0.0,344.6142521358589,-7.188484080373314,11.233873119999544,0.5550767306889896
2003-05-20 00:00:00+00:00,37.2,A,51880.893896008674,0.0,705.445970635476,186.86911098423505,15.880347279138224,-3.3749587881600998,400.8878787978498,4.622916367764689,10155400,0.0,341.8122707827275,-2.4973429639412643,15.571734016449682,0.8047272608311536
2003-05-21 00:00:00+00:00,36.3,A,51983.73563594007,0.0,703.4267446854122,185.19857908996136,19.77612980495072,-0.1856676480668822,488.9832072924028,5.0020675682988935,10155400,0.0,318.55277498091914,1.439084623650274,18.80188889098372,1.0138494495951322
2003-05-22 00:00:00+00:00,33.0,A,52084.03601924727,0.0,691.1081145312054,182.78034299179345,22.07765320508814,2.267759463221823,576.3741875916803,5.747157643554016,10155400,0.0,337.8342495914661,4.774506478438013,22.71102163893289,1.3460269023799214
2003-05-23 00:00:00+00:00,32.1,A,52181.74110730005,0.6666269515006805,640.4216043057459,179.98637951269825,23.9549478141175,3.5189842513837624,644.7006601657599,5.807877685887549,10155400,0.0,339.94173882027263,6.3996657343489005,24.57775785504623,1.6156248207430584
2003-05-24 00:00:00+00:00,38.6,A,52276.79209133411,0.0,656.2958676319766,176.85327376487464,22.9300554189726,4.773233799760565,679.326764641555,6.06727884498609,10155400,0.4180844460271924,308.1023591043547,7.67317303374341,24.763301041789305,1.569493238486671
2003-05-25 00:00:00+00:00,37.8,A,52369.1382286023,0.0,676.7743061085638,173.97211933895684,23.631312934407475,4.120269586952433,629.5211167729303,6.109455071580409,10155400,0.4282583833912519,326.23061775377164,7.642340693711219,24.725025081906495,1.4997084609142113
2003-05-26 00:00:00+00:00,35.4,A,52458.72018151513,0.0,619.882616526252,170.598841881984,22.99052358107568,6.631195650564521,782.9930810973018,6.337552956286695,10155400,0.0,316.869203482412,7.2444524090752225,23.776224589771175,1.458901755820226
2003-05-27 00:00:00+00:00,38.0,A,52545.48756606877,0.0,651.3765588846377,167.3244689514433,24.61423844770968,6.343716289565474,722.2951430455333,6.041686332473077,10155400,0.0,337.92332383167206,7.044232292326569,25.162354852578403,1.493771941421468
2003-05-28 00:00:00+00:00,38.7,A,52629.375555381484,0.0,665.9928180763762,163.6027739800574,27.305264130414365,7.227915486057465,739.9264559574997,6.722038256379923,10155400,0.0839278960331549,329.2663886516427,9.079502128954857,27.732070676305284,1.790866119681969
2003-05-29 00:00:00+00:00,42.4,A,52710.34110877703,0.0,626.0773780676118,159.4543501583358,27.12827655899708,9.12339971324976,872.6928614716043,6.442423736637958,10155400,0.0763432903037722,281.1215845067843,12.019436755922072,27.277494275564038,1.841804276477861
2003-05-30 00:00:00+00:00,43.8,A,52788.32664678951,0.0,622.7163166357858,155.74244739577227,25.783671113359528,7.955749564693302,815.7073902784487,6.666578637448279,10155400,0.6838108368224974,314.66573846038443,10.861354630786366,26.67670393549355,1.7046568796718702
2003-05-31 00:00:00+00:00,40.1,A,52863.28449307162,0.0,599.450190566298,152.37579833575467,23.409145708353133,6.946321764168148,789.246108312621,5.92511550267218,10155400,0.0,338.0582219471497,7.458972852492252,22.556239984935473,1.1499485148401871
2003-06-01 00:00:00+00:00,39.0,A,52935.16321577047,0.0,597.0260332980936,149.84442171474154,20.29545346688479,4.194659727129708,670.2763618697421,5.487148922169897,10155400,1.761128565839763,327.52478451704405,4.631551345865489,19.04855603643165,0.9470418987487524
2003-06-02 00:00:00+00:00,38.6,A,53003.91233903888,0.0,618.7444272499863,147.57581941682653,20.15450456905716,2.6063517201261304,582.5686210880133,5.6554417667009975,10155400,0.0,326.7745584061785,2.5970831087385022,20.01959411270508,1.0581873703168494
2003-06-03 00:00:00+00:00,42.9,A,53069.49217412938,0.0,645.5936089903432,145.88753076813572,19.677648536556354,0.615791291056147,488.6901433656768,5.399096073977307,10155400,0.0,333.0617045163649,1.650378461515288,18.127537495197316,0.9599470858415102
2003-06-04 00:00:00+00:00,44.7,A,53131.851901640526,0.0,595.7777810628455,143.96712488885666,18.13330005100804,1.3621549703732725,536.0585769133413,5.01626521225076,10155400,0.0,327.8610243527235,0.557491779698637,16.884913267015975,0.8179134875142731
2003-06-05 00:00:00+00:00,44.4,A,53190.948294688125,0.0,628.378094032584,142.59658438137694,18.01579396893736,-0.0640938075591036,464.8672566515983,4.703277508105566,10155400,0.3022256884929803,329.7245836103345,-0.6292001990424865,16.827767952642432,0.7647673323087993
2003-06-06 00:00:00+00:00,47.2,A,53246.74051062325,0.0,619.6726901847549,140.97873649426774,18.878850335422825,0.8570202725041737,496.086362640566,5.226403536995462,10155400,0.0,328.397040425778,1.4865139033102537,18.201905152720883,0.890556077818952
2003-06-07 00:00:00+00:00,44.3,A,53299.19177959675,0.0,585.7172129074265,139.19497141005414,18.262030629871838,1.6031925635830178,541.6335164944127,4.9703428273338055,10155400,0.0,323.79638860798974,0.8794330992791402,17.243274921321643,0.834322182309526
2003-06-08 00:00:00+00:00,44.0,A,53348.26405823794,0.0,657.143162474262,137.59384785513308,21.88241894940046,0.769110607952097,462.16112016373137,5.685290866553031,10155400,0.0,330.7748896447582,2.0091084857658643,20.627256680909568,1.1511293790518864
2003-06-09 00:00:00+00:00,45.6,A,53393.91239810616,0.0388863443583907,496.4224657517116,134.85124567370232,19.709841416327368,5.8467162510305535,782.6112553189241,5.933706980295555,10155400,1.6921571426913329,289.5418032701233,6.628058843984547,21.726688710479664,1.1542818497579126
2003-06-10 00:00:00+00:00,41.8,A,53436.116432120725,0.0,549.0946711042947,132.43254120055624,20.205999958343003,4.523981544679946,679.030259925619,5.614122997846694,10155400,0.0408679114937728,290.2310099716435,6.087321513708446,21.27384008650057,1.0837260896354413
2003-06-11 00:00:00+00:00,44.6,A,53474.83653724047,0.0,553.1399476334773,129.91403821475535,20.898656074565515,4.930849022252528,689.3418568316756,5.4795263964621705,10155400,0.1484500151155518,324.77191680148,5.07804385018585,20.441362534544226,1.0232756663029168
2003-06-12 00:00:00+00:00,41.7,A,53510.047230938544,5.8135998331604,394.53490374582697,127.9481175491902,17.10699492981798,3.617295792483143,751.5511418793634,4.789076602106457,10155400,0.6128146709370301,295.0792420912773,4.790104696125923,19.775078487926294,0.9737545653660648
2003-06-13 00:00:00+00:00,52.1,A,53541.71963997271,0.0,576.6637753757927,126.18724975084528,19.21275923942625,2.377375042915761,580.0973737689824,4.75384775417959,10155400,1.47915280370385,273.24358978107495,4.31363790840345,19.94208741933636,0.9838219297727392
2003-06-14 00:00:00+00:00,53.8,A,53569.83493622899,0.0,636.5930143915152,124.17233698886662,23.51953902868553,3.067357680352999,544.186882627813,5.413918678579938,10155400,0.0,327.84669719290525,4.049180522185566,21.987528438039647,1.1357125389789946
2003-06-15 00:00:00+00:00,51.0,A,53594.36756338035,0.0,602.8652176849863,121.26812535329682,25.59055792784945,6.493949240495105,678.8771166485818,6.695834400300739,10155400,0.0,327.6768867475574,7.59082231157106,24.932042585271688,1.5323918414138946
2003-06-16 00:00:00+00:00,46.2,A,53615.30225650773,0.0086912776710426,588.0401703951584,118.353396697986,25.209535821184915,6.67111289215149,671.5886649978232,5.793185990602584,10155400,0.0,322.2068325881923,8.121853647566809,24.815862357812932,1.550599600028746
2003-06-17 00:00:00+00:00,51.6,A,53632.62034880088,0.5622403462435394,534.5569468492586,115.67276164500626,22.720135686876425,6.172908254681599,675.9469434216567,5.799244615876906,10155400,0.2011497162093856,318.53825297695715,7.182861469251463,24.29956259302145,1.4009280404284374
2003-06-18 00:00:00+00:00,50.8,A,53646.3068608882,0.0,566.3478359322527,113.17664674773256,23.016921040354443,5.765739660864418,631.9809026653952,5.897603213654108,10155400,0.1442190872565993,314.21949858739737,6.093048696063818,23.00379941908386,1.2326557516914498
2003-06-19 00:00:00+00:00,54.8,A,53656.35762934707,0.3637272362593319,481.44155787475097,110.58439934621217,20.93704049662825,7.000094768901025,777.0137472442129,6.060925544391372,10155400,1.118081794895622,288.47863595788584,7.471058555915363,22.110470816781117,1.2201028660605695
2003-06-20 00:00:00+00:00,53.3,A,53662.75811355071,0.0004464878907089542,502.5788555061434,108.58076964149592,19.01699376205328,4.945952519876471,670.7329600671707,5.784956740138121,10155400,1.2589536816671938,296.68269293719925,5.470274293758848,19.485192192130114,1.0305714505698478
2003-06-21 00:00:00+00:00,50.6,A,53665.50505559596,10.63070401054741,306.481017727316,106.89822124144152,14.23202124046943,3.3892806936178945,743.6456654747981,4.102409656206314,10155400,8.378015933434835,255.60165525268997,3.5028349936680456,16.1343314723797,0.6732529904145109
2003-06-22 00:00:00+00:00,53.9,A,53664.6018617877,3.1909455631953945,466.5400592887588,105.45265450877342,15.777136184997868,1.8323209882605611,609.3338166884254,4.634893953684002,10155400,2.397119279377731,311.5730882173122,3.140126240423001,17.01446049555534,0.7060683535165411
2003-06-23 00:00:00+00:00,72.2,A,53660.03784451957,14.052873967323809,244.58307105860436,104.17605194772597,9.520119514961811,1.0345630508003103,651.0535737890675,3.347881772280677,10155400,21.667120935738332,242.84035753067567,1.104524746496736,14.158400687295511,0.4458366382786329
2003-06-24 00:00:00+00:00,135.0,A,53651.83452683282,16.74575128744309,234.48982249492207,103.01815138821392,8.157764302714824,0.6330408940846455,643.7904737229195,2.792837903128848,10155400,22.39180950719924,231.48594831985687,-0.7770097890735315,9.952311216504825,0.309790778477185
2003-06-25 00:00:00+00:00,71.7,A,53639.97568900464,0.830371608369044,480.88143619093313,101.77305952443024,14.021341774815316,0.7414864131098715,597.8877975444286,4.083301396474519,10155400,1.0471710154474438,328.6985132967746,-2.272521169978404,14.760443480218214,0.5244426209082297
2003-06-26 00:00:00+00:00,58.1,A,53624.4869429405,0.0,635.7125329206432,100.75039366968552,19.26548204597793,-0.1323059470532164,461.07884924393295,4.668455699601656,10155400,0.0,332.74538690605385,0.010658653722316558,18.091056746617255,0.8141246270530254
2003-06-27 00:00:00+00:00,54.8,A,53605.376790942726,0.0,621.268197537843,99.17501773259754,20.98015757896175,2.183169067606444,540.8758752034108,5.291837947009468,10155400,0.0,330.9571732107468,2.959794167277664,20.693008785022244,1.0379716062552808
2003-06-28 00:00:00+00:00,52.1,A,53582.658279338495,0.0,611.0597302423336,97.15616170652116,22.56478367378337,4.109937683823731,615.8235238432112,5.803316094565552,10155400,0.0,330.3790313858368,4.83127136734862,22.41622829914934,1.2188602170964964
2003-06-29 00:00:00+00:00,51.5,A,53556.34785814638,0.0,630.02726434455,94.95954879597691,25.469090932418013,5.358859496393257,643.1000374455334,5.822900785570845,10155400,0.0,331.69626359020805,5.865547715224807,24.026359914558157,1.3997080728689888
2003-06-30 00:00:00+00:00,51.9,A,53526.46605723654,0.0,605.2957737346517,92.24893938321742,26.710471552234004,7.779335604020339,773.3942489351795,7.50199902325248,10155400,0.0,329.156699394946,9.065895932092758,27.38718933641161,1.8520698874681467
2003-07-01 00:00:00+00:00,50.2,A,53493.03329809674,0.0,584.721828078013,89.76291877625684,24.741532103921053,7.000069874715479,759.5004575052965,7.4497602709807955,10155400,0.0,333.1494230493641,9.368472857457164,25.449152876902815,1.795918610401057
2003-07-02 00:00:00+00:00,48.2,A,53456.08080303056,0.0,617.7702409475897,87.57055541561812,25.728938093639595,5.922503713987091,673.7251106197874,6.4735609909730885,10155400,0.0,333.24449907150097,7.184885737491015,25.44647941058156,1.7393392152569502
2003-07-03 00:00:00+00:00,48.4,A,53415.6319236245,0.0,609.9848921263005,85.19734452328407,25.745274473526266,6.154823568732757,659.1491487828033,6.673391868894,10155400,0.0,331.4015711387269,8.062007491356724,26.104381410011342,1.7778223569269442
2003-07-04 00:00:00+00:00,50.0,A,53371.7147660416,0.0,606.2752462805956,82.94926074340584,25.423085767486857,6.0523748932576735,652.3798836955494,6.562530552603218,10155400,0.0,334.05925506738816,7.476573105770115,25.67388717433579,1.7809377347303088
2003-07-05 00:00:00+00:00,46.6,A,53324.36294180736,0.0,629.4972295453713,80.8281993016264,26.94079012224545,5.758165371378883,598.0899931060114,6.342815414426656,10155400,0.0,333.1136804661182,6.691454131091575,26.992453690199795,1.9027477594077669
2003-07-06 00:00:00+00:00,45.5,A,53273.61740016555,0.0,610.2721707869581,78.43285624888667,27.2479588835182,7.108128794015649,660.0777659414024,6.715160235659715,10155400,0.0,322.3155081270528,8.560870037294308,27.818818404979083,1.9395591887803716
2003-07-07 00:00:00+00:00,42.9,A,53219.50376282906,0.0,586.8658569724771,76.02042955248702,26.603106169878576,7.665847876579714,708.2696725696105,6.734966873715955,10155400,0.0,326.9616073438522,9.543185060669941,26.889715068031308,1.8309104392436868
2003-07-08 00:00:00+00:00,45.0,A,53162.07254386439,0.0,560.2334634590478,73.80387155512054,24.460455164616526,7.294170120930317,728.3336025176625,7.253877947295383,10155400,0.0,332.20927071871046,7.718477940096761,24.058797262999633,1.6152489503154046
2003-07-09 00:00:00+00:00,46.5,A,53101.351042711736,0.0,611.6931552362175,71.9216101303821,25.472629931963624,4.988739216304658,579.0428257161567,6.291230913856549,10155400,0.0,333.6707841359189,4.27279674222234,25.61531489678788,1.677890931434726
2003-07-10 00:00:00+00:00,45.3,A,53037.38894358012,0.0,644.1921290745805,70.01815545666287,29.56115363111674,5.466991837842011,557.0572973100125,6.9381591642924025,10155400,0.0,336.11464481799123,7.712867270698837,29.01009592640088,2.202957080711439
2003-07-11 00:00:00+00:00,44.5,A,52970.23396604142,0.0,600.5285074309921,67.46774445989124,29.97091900788894,8.95890011472895,744.9379585447684,7.627839503209802,10155400,0.0,327.9433917420672,11.645040891740337,30.164630981301173,2.4569882089923096
2003-07-12 00:00:00+00:00,43.2,A,52899.926599758845,0.0,581.3242073414798,64.94523203957621,29.602733947692187,9.550385228214768,795.871132832384,7.120064628550465,10155400,0.0,326.44861099081123,10.91436188744433,30.275723346719644,2.392447189324556
2003-07-13 00:00:00+00:00,49.3,A,52826.51705701446,0.0,570.1372074373295,62.448797321672416,29.05399841931687,9.642697090913176,817.2297254818648,6.1099375479391655,10155400,0.0,228.63149292835143,12.62550360920386,27.549419027218278,2.1340166193819483
2003-07-14 00:00:00+00:00,47.1,A,52750.05174544823,0.0,585.7350600799671,59.997183576739445,29.511012265139524,8.912914598951065,757.1828681679098,6.48159743881852,10155400,0.0,323.61920353578,9.922764096631738,29.45814070564859,2.196156591455648
2003-07-15 00:00:00+00:00,25.2,A,52670.582984296816,0.0,510.3060730474295,57.06606143410707,29.291302988107088,12.65311399786699,1068.3088740305668,7.866963030403463,10155400,0.0,316.57670840262466,12.097240300691965,29.74947741020827,2.2808339053891844
2003-07-16 00:00:00+00:00,22.4,A,52588.16129971514,0.0,522.8310510337452,54.37059074077342,28.91960379990445,11.759536966321,995.5934314754056,5.629913360214447,10155400,0.0,226.4563808900826,12.215961686402807,28.278009895607795,2.0835124298612104
2003-07-17 00:00:00+00:00,22.6,A,52502.84065325884,0.0,494.3390850137511,51.797861384551226,27.65073319089637,11.85219063086146,1032.0599977294626,6.074214722479977,10155400,0.0894497809202746,292.6640762726032,12.109228412784944,29.85600696524625,2.168572678269003
2003-07-18 00:00:00+00:00,25.6,A,52414.67063092568,0.2208578795721696,532.7878083236122,49.41516643040052,28.829419133291715,10.610448959517765,852.9421284101732,5.50353878351001,10155400,0.5108080226884125,254.69597811040023,12.03630210631394,29.99764834996421,2.1406567288671687
2003-07-19 00:00:00+00:00,24.7,A,52323.71203240818,0.0320159417861853,538.2044613139178,47.12695369344952,28.48384470716892,10.352653948716757,832.011471886733,5.573930551261227,10155400,4.783555286476223,268.65036284807974,11.83255148735634,29.434539608285206,2.030635003504504
2003-07-20 00:00:00+00:00,25.3,A,52230.01885903464,2.4931286852581964,461.8985012759054,44.8657756085038,28.143504288182942,10.810494980920852,951.9635318915996,5.6605630203216,10155400,1.2186941655740715,291.80524878672924,12.924932012074066,29.12915579203866,2.0079893668375166
2003-07-21 00:00:00+00:00,25.2,A,52133.643165737005,0.0,545.1508823001853,42.58257090643078,29.57938037420153,10.411842265684,832.204972613321,6.425066280027909,10155400,1.4360469757411036,297.87978693372725,13.102631606014256,29.608204044434444,2.082979614469961
2003-07-22 00:00:00+00:00,20.2,A,52034.63875595425,0.0,523.9295257772894,40.162111455279096,29.908645709252426,11.567866878703937,879.4024281134563,6.159633993633137,10155400,0.1555538185731061,300.8344195829539,11.824075546617223,30.630070577629795,2.2633834738598773
2003-07-23 00:00:00+00:00,21.8,A,51933.07808064713,0.0,500.7395691537879,37.93231754293936,29.07363630018253,11.669196184416608,920.8200365764088,6.057244115938263,10155400,0.2425771564641383,302.25601516221644,13.731303779925895,31.04349991852564,2.4190774517703195
2003-07-24 00:00:00+00:00,24.0,A,51829.001258357166,0.0,513.4318798793755,35.95222399429138,28.88072372513719,10.715485794865725,854.0417952722361,6.9323429745021645,10155400,0.7379842012756347,295.87281400752346,11.652527047998262,29.135355155807645,1.9786484422563364
2003-07-25 00:00:00+00:00,22.5,A,51722.47639906941,0.399619064929666,463.5048068169736,34.09415308583991,27.39319586018172,11.11474041110749,958.6393007190844,6.203989944371345,10155400,0.4496229844666939,288.8440465329268,10.755098131358125,27.33906671590745,1.6538615387292677
2003-07-26 00:00:00+00:00,23.9,A,51613.55738928813,0.071888480278511,482.3192113710393,32.3582021259817,26.732122032543312,10.127799581232347,877.9347219210694,5.6205300583638005,10155400,0.2770600863933347,293.7928990054379,9.531240329944012,26.530142956813336,1.4944304126924612
2003-07-27 00:00:00+00:00,26.1,A,51502.3024729336,0.0,491.69518681503786,30.58830016998563,27.21423947243802,9.918884669552106,849.1663909578019,6.052292650380612,10155400,0.0,308.0797741177464,8.214952100245114,27.281146937841754,1.674003247233485
2003-07-28 00:00:00+00:00,23.7,A,51388.77467115023,0.0,469.7889435342804,28.834538649243523,26.99373176544135,10.746951886823505,927.7012516916336,6.199589508987756,10155400,0.0,306.6365724015574,9.52844362831172,27.556191332061644,1.836946094748961
2003-07-29 00:00:00+00:00,23.0,A,51273.02321216039,0.0,493.8906100433866,27.12388192898087,28.10261895071416,10.404405303346184,868.3710250978618,6.505381802156279,10155400,0.0,308.3783029979596,9.108189220859117,27.885569710673394,1.8695977981912293
2003-07-30 00:00:00+00:00,21.8,A,51155.11875730111,0.0,524.4541210703176,25.60965248278203,29.12476674366834,9.84032218585572,798.0195452394277,5.921336591101151,10155400,0.0,307.12838526486473,9.76411931745099,29.196911679954496,2.0734330010498274
2003-07-31 00:00:00+00:00,20.8,A,51035.10680262108,0.0,482.81686297550016,24.07928159011951,27.491413871687183,10.327896327323188,878.915286119849,6.196213849799482,10155400,0.0,293.3785483951369,10.55438059414979,27.988648193135646,1.9136461614984368
2003-08-01 00:00:00+00:00,21.0,A,50913.05022374176,0.0,473.1886218412432,22.61899963100199,26.554355714682764,9.821266460285967,859.8088729863766,5.3636210486528855,10155400,0.0,281.55967401693374,9.898261658750926,27.16534560979204,1.5272863604491558
2003-08-02 00:00:00+00:00,23.7,A,50789.00527395127,10.805225307401647,376.8091526285439,21.32767694230988,25.02322774371969,9.500238578353056,946.6080924407931,5.015915730212943,10155400,7.04594702904036,244.4718963608897,9.814413246052311,25.99737549107772,1.3117536081352383
2003-08-03 00:00:00+00:00,25.3,A,50663.03411131656,4.645698825481354,365.23766898000906,20.18183812941448,22.90237555156396,8.887387211577613,945.3157366069396,4.750237332307426,10155400,2.6074654973181173,245.7658668246277,8.10857991447449,22.996917916106952,0.9409533322853952
2003-08-04 00:00:00+00:00,24.7,A,50535.18620514953,0.0,485.7723771692936,19.15049304009217,23.787657946359783,7.111296700024179,684.8380565743215,4.869707757459067,10155400,0.7054279217220989,274.5853273583457,6.882096236256416,23.694726728695287,1.0759333562007205
2003-08-05 00:00:00+00:00,23.8,A,50405.52239921797,0.0,492.3222414829031,17.905780472521524,26.575242587956836,9.07601245824086,761.4724416679069,6.132443517802948,10155400,0.0,280.1155115431118,7.988382054139436,25.737077117998012,1.4653499479105414
2003-08-06 00:00:00+00:00,24.9,A,50274.09487993429,0.0,480.38154152509566,16.772689288091485,26.16716458980876,9.612679178778084,769.5347471386037,6.578928171792133,10155400,0.0,267.5848909705117,9.457827000706061,25.80376329937252,1.5935099103359482
2003-08-07 00:00:00+00:00,27.0,A,50140.95249686625,0.0,486.057062075499,15.701900446184611,26.678774782228427,9.787347866969458,726.6411481594174,6.133557645783672,10155400,0.0,254.52754086403107,9.673251282398041,25.4012452051129,1.4859083378292408
2003-08-08 00:00:00+00:00,27.9,A,50006.16652080669,2.195453302414397,475.5720156826642,14.738468646105462,27.11804194053055,9.356856829349397,647.6603826285839,5.771346839677447,10155400,1.097815393507015,267.6857482239651,10.15138643319517,26.327800062026256,1.4696870579527248
2003-08-09 00:00:00+00:00,24.2,A,49869.773528055,0.0,504.1370733522672,13.796261926945023,27.789773093483348,10.094256444872716,598.5413298389457,5.459081103982222,10155400,1.5351097338182624,259.65358392614,10.578862902591197,26.793842628209973,1.516925190598559
2003-08-10 00:00:00+00:00,22.7,A,49731.83924723959,0.0,513.8096681985762,12.85472176154252,28.40502229708286,9.934432238064542,584.3875673991075,5.1384478009069445,10155400,1.5366892169179294,240.27267061518992,11.196843787811076,27.67501523107302,1.6617956830789251
2003-08-11 00:00:00+00:00,21.6,A,49592.40400892053,0.0155718269789464,491.5105374549127,11.932709332334763,28.091361428880408,10.647601451100424,646.8241307085642,5.625981439039912,10155400,1.5568749767514023,239.3923653481442,11.966704342272806,27.606527622085764,1.6983774217363692
2003-08-12 00:00:00+00:00,24.9,A,49451.52623809726,0.0,433.8269239039487,11.050289909928631,26.203417523358954,11.78929957523908,774.057718414439,5.802797930732386,10155400,0.2272946613819173,241.4725138223616,12.071153803265702,27.295293596083866,1.7056836217124087
2003-08-13 00:00:00+00:00,26.1,A,49309.25453154807,1.2666276408253845,429.2365512358746,10.282117374929229,28.499262209328005,11.194944117570282,754.8596965984135,5.417966686683578,10155400,0.2603501753081831,263.34396302851246,11.2831281499802,27.841973436429214,1.6519009176131545
2003-08-14 00:00:00+00:00,26.7,A,49165.63893700266,2.497896667395386,434.39820170293626,9.54235098841301,27.96963458284187,11.243771019200514,741.449877359461,5.2620942317259525,10155400,1.0845239869518828,252.64382707435084,12.622658111540659,29.50372963756746,1.8917772245775408
2003-08-15 00:00:00+00:00,26.9,A,49020.724739637975,0.0,499.9034148090236,8.956823648926514,26.97987422419172,9.06454168773914,584.2310495743333,5.345023383828211,10155400,0.7621979940800532,261.9435842354722,11.726728432686912,27.125803801456755,1.6776793491484625
2003-08-16 00:00:00+00:00,26.6,A,48874.56233181666,13.069264812821366,341.0188722785243,8.493782350554998,21.324142866640347,7.374099219394997,719.6217589863821,4.402183473497418,10155400,8.839236633906019,217.9437553932572,9.160265491380699,22.6148091768506,1.0705134990353404
2003-08-17 00:00:00+00:00,25.0,A,48727.201393297095,0.0,471.6587330678088,8.071718552715549,22.317854817492016,6.155713573187005,578.2105525712508,4.926267553725303,10155400,0.2327999207073754,253.74076627812056,6.965256275691672,22.493764359879606,1.0807824935968142
2003-08-18 00:00:00+00:00,23.1,A,48578.68619375771,0.0,489.8685602178714,7.679806601172524,22.001538160934864,4.7374877416229655,508.0436689532115,4.937401823839334,10155400,0.0,265.5385921997029,4.52313888250751,21.509083706253705,1.1673317225325288
2003-08-19 00:00:00+00:00,22.0,A,48429.05625735044,0.0,520.5280511269826,7.253897679778786,25.851701046031508,6.132134087234762,517.1944551683363,5.055498409658789,10155400,0.0,263.9729179650452,5.480284386347819,24.655751068234963,1.4113047548076227
2003-08-20 00:00:00+00:00,19.6,A,48278.36768129295,0.0,499.0484943356208,6.813274704068817,27.04034532609292,8.508239584165405,629.9190401371333,4.758336611949567,10155400,0.0178410420563127,244.88493788853933,8.248724855297326,26.609093318647638,1.5610044699598846
2003-08-21 00:00:00+00:00,18.4,A,48126.65162605987,7.294759493573333,339.32492431277086,6.330545930730182,25.581910318539062,9.356377062591566,874.2610393717157,5.27527847100013,10155400,5.490071119957233,229.5618591721418,11.038785047372244,26.22912839768088,1.4303122016904883
2003-08-22 00:00:00+00:00,20.2,A,47973.96186503242,5.507001936846649,314.4109865796227,5.884083987985608,23.07607356265629,8.447159968116154,905.792148710059,4.6737175712025945,10155400,8.749194749954123,215.2870545140888,9.558944464990475,24.293369056175607,1.0915203871790635
2003-08-23 00:00:00+00:00,20.0,A,47820.33045659131,0.0,451.54020804576464,5.469764488142748,24.090539435550323,8.28024524251636,751.7495189639893,4.162653022591399,10155400,1.0833852888934317,237.7972643926679,6.864991453739719,23.452777164396537,0.9521871319043088
2003-08-24 00:00:00+00:00,16.8,A,47665.804391485566,0.0,458.55649711433074,5.090539373839753,23.897462156564018,7.611789010610226,711.2988850010175,4.189369656184171,10155400,1.860930238553568,235.2551990834152,8.056575067281017,24.11800766303736,1.1597645560916403
2003-08-25 00:00:00+00:00,15.1,A,47510.41936623149,0.8537920590706715,480.2868124844592,4.754517664326802,26.107394963887067,7.244343117056414,669.776964943558,4.349196761142297,10155400,0.2376352128226392,251.4588013958593,8.3949419918888,24.883260267517755,1.437122710053648
2003-08-26 00:00:00+00:00,15.2,A,47354.21928228963,0.0,468.0922656893674,4.368334318518211,25.72298510341721,8.457851824379123,742.8968221408971,5.154711144694509,10155400,0.0,249.09483515093493,7.8815284523631135,25.779315330302154,1.4774674337096525
2003-08-27 00:00:00+00:00,16.3,A,47197.23674955717,4.940215512675286,331.0463181305195,4.118969607715418,21.75168903467717,6.581889403556978,831.8154328384702,4.675037227075744,10155400,3.699553073734364,240.949962906488,6.757721971470801,22.163962975151378,0.991866514361044
2003-08-28 00:00:00+00:00,17.3,A,47039.518252741385,0.0,495.3434149023237,3.856730539052237,24.31817430634484,5.169734075141851,599.1384668428132,4.223168290472191,10155400,0.4555725276182777,249.54109820726677,4.155606348619699,23.333215409835816,1.20250388747246
2003-08-29 00:00:00+00:00,15.7,A,46881.08766832754,6.823925948319419,325.6027619725021,3.607375777565613,21.90708474863585,6.2700007140324425,840.7332212828907,4.1558728637036575,10155400,6.433176018475945,222.07312600645025,6.940275268231801,22.315943699024842,1.123461912430655
2003-08-30 00:00:00+00:00,17.6,A,46721.99180477712,1.658804473623755,403.2991959858771,3.450636391430672,18.474307312213,3.303834583800461,653.3640205805765,3.699755444643376,10155400,5.051928430705576,234.3050528668273,4.700942651535058,17.982247046270288,0.6800405514524034
2003-08-31 00:00:00+00:00,14.3,A,46562.26263870018,0.0,484.1283835383192,3.275881194650576,21.978597905503506,3.4155250485683597,582.6857112091519,3.750685314461067,10155400,0.0284811838700788,244.0757507899841,3.135859661540678,20.502457072686866,0.928737541951834
2003-09-01 00:00:00+00:00,15.9,A,46401.93631526422,0.0,457.8007739034815,3.049234253424486,22.922214597000973,5.701294081639613,700.9757514517003,3.98212026391483,10155400,0.3983014937185325,227.5696994615469,5.596939599599068,22.965684224553172,1.2212999563686615
2003-09-02 00:00:00+00:00,15.4,A,46241.04434096978,0.3645880626914245,413.90722468081685,2.8076602599298672,22.81258612834044,7.201175542572653,827.7426160680678,4.456498628260073,10155400,0.1505799193527618,229.72187070257655,9.015725611709627,23.15572148284207,1.3025439499763778
2003-09-03 00:00:00+00:00,14.6,A,46079.61560044476,0.0,442.9543749928801,2.615467575777365,22.71736435019572,6.066670441080855,738.081987619637,3.720674439162072,10155400,0.0,235.84514818305612,6.8401050582132825,22.450885971780565,1.1923886286668193
2003-09-04 00:00:00+00:00,14.6,A,45917.69091932413,0.0,460.13483021845934,2.4004325941504243,25.231713531856222,7.146332418784904,766.9364638584417,4.395243054252829,10155400,0.0,232.44459540609571,7.365904809491724,24.09153612276924,1.3471451761466615
2003-09-05 00:00:00+00:00,15.0,A,45755.29985170178,0.936917225592368,352.8566550144591,2.219565496440464,21.009511565815348,7.58989310187795,920.5764934753404,4.023245311452486,10155400,1.5265230253702382,199.9993343530615,8.285518623197845,21.49925248881044,1.1422161208130703
2003-09-06 00:00:00+00:00,15.9,A,45592.46968740779,2.922079883387383,283.6181251647345,2.0619816418646773,16.96106879581671,5.47659813788743,848.6872898703851,3.324090436343583,10155400,2.4754467253018366,206.02419373464485,6.077015697895604,18.751955256441647,0.9674368761277916
2003-09-07 00:00:00+00:00,17.6,A,45429.2360097245,1.2807947426840651,390.7445102441756,1.9066306862036024,20.761402251106265,4.74546536881443,755.3389183609665,4.055317215849768,10155400,1.6994040451252628,221.42511140018829,4.548062393319526,21.603702001539887,1.0793805911546028
2003-09-08 00:00:00+00:00,17.5,A,45265.62656362431,4.588077765046119,269.527114751233,1.7982420308554197,16.23074933717024,4.664240283705187,835.3323467169557,4.582981897006346,10155400,1.0353553246013054,202.6574373328774,4.564778989798924,19.345091729756405,0.9686406390346176
2003-09-09 00:00:00+00:00,15.9,A,45101.6726158004,4.731286254169575,261.66049625872745,1.688359222523247,15.122472351988218,3.379422374835785,769.0813361700294,3.987767062696802,10155400,4.125216609271607,186.53040966649,2.274101307387639,18.094717630268633,0.8471704697791156
2003-09-10 00:00:00+00:00,20.1,A,44937.402133371404,10.194073248823894,140.76244055292753,1.6367439225839322,6.631263212867876,0.8641464862605435,658.4526037588174,2.1841747882258504,10155400,13.536470260073711,141.50671251228133,-0.09394342096300079,9.183520905722503,0.3091524732969022
2003-09-11 00:00:00+00:00,15.2,A,44772.84203204375,0.0,385.60482168207454,1.587515561793337,13.42080975556643,0.2602467169097979,600.2108317490661,3.1428400632879687,10155400,0.0,223.76128119483744,-2.2292663659446816,14.65815754330987,0.5654447272691813
2003-09-12 00:00:00+00:00,13.9,A,44608.024139181165,0.0,433.7948820551991,1.5281686777268482,16.652716996676055,0.7390973025171358,590.0222996859799,4.323598251811676,10155400,0.0,222.75160652555704,2.111929375439388,17.059185633642812,0.7711622048154932
2003-09-13 00:00:00+00:00,12.8,A,44442.97446368867,0.0,449.051204683461,1.5114635637959255,14.134389816126845,-2.7062698942506653,463.0071624275084,3.4084009012968464,10155400,0.0,230.27459669235472,-3.314984585366119,13.189840008042609,0.7020821640587733
2003-09-14 00:00:00+00:00,12.6,A,44277.72765938693,0.0,492.71498556830096,1.4759383944367015,18.300052888376328,-2.927220284450537,426.0087940086593,3.77666742505091,10155400,0.0,228.69210499545443,-2.8712911942407118,16.369328182352206,0.9411346785146216
2003-09-15 00:00:00+00:00,13.3,A,44112.303823997136,0.0,467.02694886829966,1.358308208603353,21.659686936032863,1.955894325403284,607.2672137917475,4.955987910882182,10155400,0.0,215.13721513778208,2.121703442973626,21.011040124796864,1.233423769404064
2003-09-16 00:00:00+00:00,12.4,A,43946.72570668419,0.0,384.53810095696105,1.240894928731667,19.215901227366448,4.982711455923723,819.1710946377887,5.670344018911448,10155400,0.0,208.97090522498976,5.998705292093746,20.1330524558129,1.2061651964369715
2003-09-17 00:00:00+00:00,12.4,A,43781.03444299824,0.5693630058775163,353.594618763878,1.4884771682323863,9.776979674660945,-3.1929724223484675,479.8708373984713,3.0558796727357094,10155400,0.0549369868307613,112.79219825828235,-5.514169424900217,12.432192724045649,0.5516869343485648
2003-09-18 00:00:00+00:00,10.5,A,43615.24366670909,0.0,481.7117399663,1.4884771682323863,14.072543323502318,-6.558335293565111,342.6323028146574,2.731733838092174,10155400,0.0,217.36721513617724,-7.518297805968359,11.749027264419908,0.6296842363675422
2003-09-19 00:00:00+00:00,8.77,A,43449.39253134027,0.0,468.9220035900304,1.3798312280313958,17.978908673300367,-2.181240828810013,464.9315480145415,3.3169589633688203,10155400,0.0,209.9919549270105,-1.72791669227297,16.78606475808965,0.9277190861248832
2003-09-20 00:00:00+00:00,9.0,A,43283.49951868372,0.0,422.5106371971466,1.2287477428281703,17.169450093055072,0.2530833585852994,561.2328318690604,4.310506368330657,10155400,0.0,213.7678725140504,1.5742725291269153,17.543792508508773,1.0315077417616545
2003-09-21 00:00:00+00:00,7.18,A,43117.58973370311,0.0,452.0129597564867,1.1629518168893218,19.233415011807228,-0.3538927758951967,509.05983597149935,4.005978541610606,10155400,0.0,212.38873447426332,1.475355763139305,18.249203038118935,1.1111897954825385
2003-09-22 00:00:00+00:00,5.94,A,42951.69628015644,0.0,467.3602377331218,1.070963817021346,22.631177781997827,0.7264178542549539,491.0185691895373,3.698129802507039,10155400,0.0,210.71036953213348,2.9300161666808435,21.16952136823818,1.3537627530314742
2003-09-23 00:00:00+00:00,5.94,A,42785.83859341265,0.0,446.1913518889126,0.9616531243234976,22.31618035639245,2.28160794241985,504.9359107811264,4.998277367636293,10155400,0.0,210.7230684837012,4.097240064782625,21.72351627237606,1.4302953388094146
2003-09-24 00:00:00+00:00,9.22,A,42620.05435963409,0.0,446.0994058685019,0.8561039060109809,22.844933523159263,2.446947890010971,507.4357449034183,4.2011283940214685,10155400,0.0,209.6109995331936,3.8337288469344344,21.85713763899389,1.460189092205764
2003-09-25 00:00:00+00:00,9.89,A,42454.35754475301,0.0,442.4389419854854,0.7607182326837348,22.536306958990465,2.166196575650961,502.1165122588701,4.596556361298447,10155400,0.0,206.71086112036028,2.945642328816234,21.395067611929107,1.3936789460479766
2003-09-26 00:00:00+00:00,10.7,A,42288.78259997864,0.0,424.0889904063649,0.6570962263842697,23.501935038296036,4.253674581391939,595.3064102030994,4.701979347979763,10155400,0.2762035940691454,200.7151237231901,4.160771048685149,22.08519492889252,1.3946356231200532
2003-09-27 00:00:00+00:00,11.8,A,42123.35609931249,0.0,421.7473665519736,0.5674136461351494,23.892763958425867,4.488767449590802,606.1293513809405,3.9423333171837593,10155400,0.0,198.10020314005877,5.368771388689197,22.724154563092327,1.3981105542423646
2003-09-28 00:00:00+00:00,11.9,A,41958.10677304429,0.0,416.01755170612086,0.4880439742085746,23.007869316627644,3.848942889743868,588.5799931171227,3.765394705309746,10155400,0.0,196.1356197824164,6.52620297652561,22.34500766040486,1.4016408946326309
2003-09-29 00:00:00+00:00,8.72,A,41793.0597909502,0.0,409.84847390542615,0.4167167808871773,23.883742521813584,4.792715777393342,629.910911564044,4.561740055644532,10155400,0.0,194.20047141505745,5.502309578589234,22.56317259722772,1.4223214757966498
2003-09-30 00:00:00+00:00,7.73,A,41628.23969526439,0.0,398.7160381774238,0.3683952756961725,23.744070082137675,5.334337907474527,668.410191326054,4.09109914678913,10155400,0.0,192.88399164569444,5.297578576737067,22.02223208178225,1.3972493645211532
2003-10-01 00:00:00+00:00,9.5,A,41463.68162532806,0.2818217108231637,356.8303145904908,0.328329161573788,21.690557734911877,5.6548758427249455,736.6234715300714,3.668572810611855,10155400,1.9607143598217744,186.62919402483067,7.390102506089647,20.76631297964775,1.2847072951657028
2003-10-02 00:00:00+00:00,11.8,A,41299.40734372457,2.740950937838242,272.9797196437223,0.2984768050336613,18.9500974371243,4.248536069127876,763.6246961759078,3.408351920726284,10155400,2.183939240573642,187.572165859215,4.857944452074321,18.193738884291236,1.0098732290859085
2003-10-03 00:00:00+00:00,11.1,A,41135.44891766222,0.8784030558502419,302.1536067218528,0.2757117997631945,15.480677618116276,2.546833517300241,669.1883638621697,3.34848170059141,10155400,2.1230189948104123,187.11688516633495,2.404179161354648,16.431561402378463,0.7808672603996529
2003-10-04 00:00:00+00:00,11.3,A,40971.83688951734,0.0,353.46300225686616,0.2557553558356858,16.493936697059333,0.9991745957030298,566.5567185653931,2.557329577103755,10155400,0.3323052065340059,190.65105585009152,0.7831864983789956,16.181417409534845,0.7175921488014091
2003-10-05 00:00:00+00:00,11.0,A,40808.60249359538,0.0,357.7951096510602,0.2340593614003479,18.420861020089035,2.3556021696316503,616.3990273406815,2.5386090794693,10155400,0.0,190.8577931212521,2.040260602562114,17.76075700887793,0.8961434061006243
2003-10-06 00:00:00+00:00,10.3,A,40645.767533331375,0.0,366.2590193719961,0.2144462224490263,18.934800881137235,1.948470187910715,592.7529612097296,2.93557747339317,10155400,0.1680071854517762,183.34910228524973,1.9790064235164095,17.987173723209025,1.0140856798225588
2003-10-07 00:00:00+00:00,9.87,A,40483.37147928379,0.0,375.4035521547642,0.1953734968694961,20.145087160497845,2.1387032552581453,590.5617263710451,3.2231924044441604,10155400,0.3944439161006279,166.17819883059607,2.1699524004018826,17.934330904645606,0.9850804602488402
2003-10-08 00:00:00+00:00,9.48,A,40321.44296671202,0.0,351.53815944973627,0.1843551447234393,20.46073589589767,3.800941977848723,683.5566196731239,3.801848340526458,10155400,0.0,185.78220693296117,3.7563829859677185,19.023057423207945,1.098928788805747
2003-10-09 00:00:00+00:00,9.73,A,40160.01619224793,0.0,357.9303469696353,0.1747514631184888,21.950954865308336,4.387036612576919,702.6672962777697,4.726005956094315,10155400,0.0,186.1200479116605,4.462518327925636,20.448907327146856,1.2652067773082605
2003-10-10 00:00:00+00:00,9.21,A,39999.11897820233,0.0,342.1071550934054,0.1747514631184888,12.506195276863831,-3.5920702800257978,435.9687102344753,3.4740470626836406,10155400,0.0,155.3867627225055,-4.810577699899625,13.959625831617132,0.6628770153749071
2003-10-11 00:00:00+00:00,9.22,A,39838.78798376719,0.0,400.86549794470176,0.1747514631184888,14.95388576478691,-7.270860295261404,304.0727067351393,2.705576160116878,10155400,0.0,187.9210477640245,-8.013528592048715,11.30792289519303,0.6985743569274766
2003-10-12 00:00:00+00:00,8.79,A,39679.05516006278,0.0,349.14984877016474,0.1687548136717854,17.580662201678408,-0.2319526281429782,530.755051720563,4.038121951289684,10155400,0.0,181.24296757444804,0.018630246667271422,15.787940935865606,0.9725970498184406
2003-10-13 00:00:00+00:00,7.44,A,39519.95311275748,0.0,307.6409216159355,0.1687548136717854,9.66905497801032,-4.932162924533476,398.50797099184337,2.685832701789472,10155400,0.0,185.0273202630957,-4.804254191173754,7.860118472064471,0.5332075447008774
2003-10-14 00:00:00+00:00,7.84,A,39361.52085401283,0.0,381.0555350870976,0.1680244879602278,15.646027664990305,-5.544115159998874,353.35602374966817,3.69899951534724,10155400,0.0,180.49428845911265,-5.568993031158072,13.180033815809054,0.83021873754172
2003-10-15 00:00:00+00:00,8.87,A,39203.79480027915,0.0,331.7239305055197,0.1625757219649646,16.125666512050394,-0.7585448138123864,526.3356658958704,3.5246274278010605,10155400,0.0,179.67325611654377,-3.1959688872601646,13.688985163089342,0.8191779172523698
2003-10-16 00:00:00+00:00,11.1,A,39046.810861866514,0.0,291.8136541314477,0.1552056970521801,16.257274889541556,1.79480864595582,647.8726644382568,3.473876984953504,10155400,0.0,171.12019666459122,-0.7167362313279568,14.961890526589457,0.8469404009668963
2003-10-17 00:00:00+00:00,11.2,A,38890.60603859316,0.0,353.5718016152026,0.1464175737643897,21.635217824444226,1.618297167634162,593.6734883961265,3.302190159142649,10155400,0.0,170.95809590251605,1.808168658685645,20.047834558643615,1.1987274790146876
2003-10-18 00:00:00+00:00,11.1,A,38735.21412524,0.0,357.46695481286645,0.1373510045860875,23.010146926821943,2.1066817388243795,607.9235548379417,3.428487264389612,10155400,0.0,172.4823564250813,3.273653967543453,21.171859191005467,1.3603889884841356
2003-10-19 00:00:00+00:00,11.0,A,38580.67996936091,0.0,321.4043706341491,0.1289100015603383,20.078554308839102,2.528298552686372,654.9217770851718,3.759744422460251,10155400,0.0,166.5773227591877,4.768028565058842,19.89319214091597,1.250026521137982
2003-10-20 00:00:00+00:00,11.1,A,38427.04566327033,0.0,344.7495624117784,0.1201388382046355,22.23364192577326,2.1269014098734425,617.2782771983576,2.68361885476515,10155400,0.0,164.48923256959174,3.4934381212082712,20.28435260867934,1.2801780035436563
2003-10-21 00:00:00+00:00,9.2,A,38274.34652907116,0.0,344.8413605573674,0.1103694905278762,23.51805475135261,2.895052588850093,649.7185719381647,2.8927226383097917,10155400,0.0,166.71204964893113,4.952786005906091,22.01804449736869,1.513639936680269
2003-10-22 00:00:00+00:00,9.28,A,38122.62643906654,0.0,339.3704133548793,0.0997270089801734,23.842062661342123,3.400902952417995,676.8052066355099,3.403704026714111,10155400,0.0,162.88479931472088,4.593709731399031,22.057721286048434,1.4935512622206135
2003-10-23 00:00:00+00:00,11.2,A,37971.92593884901,0.0,329.180921216604,0.0949172064052909,19.41679150731399,0.3278183112919431,564.7881337236291,3.760062264586181,10155400,0.0,160.73864039101207,1.9294950075600354,18.065482872691916,1.117437509267939
2003-10-24 00:00:00+00:00,10.8,A,37822.2941630899,0.0,278.5535898878528,0.0939558499688788,11.969850917947262,-2.791426415969253,473.0403253900543,3.0027684714335847,10155400,0.0,159.50510647148565,-3.6579545351219167,10.309602593972102,0.6654662410765205
2003-10-25 00:00:00+00:00,9.68,A,37673.77246541132,0.0,272.59918516937535,0.0939558499688788,9.087588797824042,-5.308158755495624,395.7435327077005,2.303289980824149,10155400,0.0,157.12517025581244,-7.798810177938435,7.494147289724367,0.5642926771597567
2003-10-26 00:00:00+00:00,8.8,A,37526.40114695662,0.0,295.21168787578256,0.0912380864473438,12.711215581157056,-3.411626486601053,453.1877369521655,2.472053461834934,10155400,0.0,150.9249562399992,-5.612849650202065,12.352727604938877,0.6568077478903858
2003-10-27 00:00:00+00:00,9.06,A,37380.22909272057,0.0,251.3968372766636,0.0857736977798876,12.271620000772542,-0.7277698323516565,565.1686189697626,3.2932465579717323,10155400,0.0,145.39528529454242,-1.8160745801847042,13.856895471472058,0.7415478196865019
2003-10-28 00:00:00+00:00,9.02,A,37235.31078736357,0.0,203.2367820261701,0.07960546209387,13.37255811488337,3.289073905158584,768.9398071205065,2.98409145871734,10155400,0.0,144.82382880880786,-0.8039405435606568,12.428432380266088,0.5957887349926974
2003-10-29 00:00:00+00:00,9.04,A,37091.68208611681,0.0,291.09674056079245,0.07960546209387,14.689711276249742,-1.2886759131730867,546.5245806616347,3.7779200065087264,10155400,0.0,142.4365381794756,1.0505733874249472,14.238618896087758,0.7047582889298195
2003-10-30 00:00:00+00:00,9.23,A,36949.40343167388,7.32231866231286,189.08471005403425,5.843110733766325,3.0740581446775828,-8.200041703534351,337.62973955182593,1.7719939916091014,10155400,4.239352496059645,81.38995747584872,-8.78980997579987,7.323355249141741,0.3401343459791532
2003-10-31 00:00:00+00:00,9.65,A,36808.518375363565,9.16109818899138,135.57261363391285,14.88555021253984,-1.8943086158199989,-9.16925259822579,307.898449716273,1.150439080632628,10155400,8.994870719856307,107.5589713669887,-7.466560591131099,2.23715749486405,0.2119900135858095
2003-11-01 00:00:00+00:00,10.4,A,36669.07075909217,8.961592698794822,107.31553737246576,22.857416541663397,-0.7660543728323569,-6.525099873701744,375.1583007419613,0.9266734610775308,10155400,8.290664112324253,105.98007733164388,-5.518068928842752,1.5438302990289685,0.1527458708129064
2003-11-02 00:00:00+00:00,9.7,A,36531.12339652275,4.161809093892779,123.51814574024318,24.55665255198574,0.7408450330189971,-5.63054424171399,403.58084220269967,1.0010815238946915,10155400,3.8494730485858897,109.04337548957668,-5.800136540356789,2.1727432887608984,0.1790839783903863
2003-11-03 00:00:00+00:00,9.9,A,36394.72368579087,8.05886028630835,178.49771386192592,31.2010371136384,-0.3738793448866163,-10.185552101662108,290.81707804190745,0.8476926556680096,10155400,7.221923288420481,113.40885668555867,-8.908140628244041,0.6357510650991003,0.123554601164858
2003-11-04 00:00:00+00:00,10.0,A,36259.92550271164,4.880988118663496,181.1181831700892,35.97924757944168,-0.9041010239372488,-10.96535448396231,268.05785516890325,0.9054704272346692,10155400,7.643828568061465,119.76630724206488,-9.894701852069659,-1.4537588924005718,0.1275961440180819
2003-11-05 00:00:00+00:00,11.0,A,36126.77546898372,2.1841258749989607,205.1731539956295,38.16361162602338,-1.6445293565105936,-11.839553591973198,250.0207368729832,0.7488486791596523,10155400,1.5650896212627716,84.71202063933757,-9.80797490033774,-1.8892804624018709,0.12060772073209
2003-11-06 00:00:00+00:00,11.5,A,35995.33656141725,0.0,293.6027473976724,38.16361162602338,0.972902115592496,-12.01041449410792,246.48485185587413,0.8694951928468655,10155400,0.0,147.77289801733147,-13.37354581933289,-0.17667919989384018,0.1841647306473267
2003-11-07 00:00:00+00:00,11.0,A,35865.66040692524,0.6098864254743611,318.4846348579396,38.77341132960366,3.830896703272594,-12.329114497402552,237.70027971330367,0.887132351159739,10155400,0.7871072275084466,139.64959159083807,-10.382170226722053,2.131388775270011,0.1884823743792609
2003-11-08 00:00:00+00:00,9.6,A,35737.802423285524,0.0,242.2003370873608,38.27659799672485,5.474756267728739,-4.823376358694937,427.3084779946317,0.9971567186644276,10155400,1.1929746872325786,101.44247947944356,-4.561225377554194,2.866731698011847,0.2094289399833721
2003-11-09 00:00:00+00:00,9.69,A,35611.8150385487,4.214082605269754,86.93293184844272,36.84566270785432,1.852778190435138,-2.592556436401489,506.4390508402419,1.414711193593276,10155400,2.232303805304076,94.6391204097642,-3.7919025720794366,5.512695611065624,0.2627017336664801
2003-11-10 00:00:00+00:00,13.2,A,35487.757217654,5.142694858619022,170.24298718109927,38.92294460436862,3.789763701717371,-5.275778091220024,417.575884159637,0.9704629230026932,10155400,6.647307958265089,86.89254900403495,-7.007737755695985,3.172010044032845,0.1669318509267371
2003-11-11 00:00:00+00:00,11.1,A,35365.68987124688,0.0,266.7783690084322,38.74677293681152,3.033478202451852,-8.08280814403767,338.87009672224985,1.1078706258646285,10155400,0.6915663388422526,121.3829690220366,-6.95460875548946,1.6532465368365479,0.1801284309818541
2003-11-12 00:00:00+00:00,10.3,A,35245.66120876556,0.0,294.4798828479598,38.623262416245296,5.403718114960803,-7.685868015338277,347.074041179126,1.2956369936891805,10155400,0.0904101061806419,133.52580663526624,-7.289349922548126,3.4570208355942214,0.2361414383159517
2003-11-13 00:00:00+00:00,12.6,A,35127.739083657456,11.247216528424303,103.27668011412152,37.2171945011033,2.5503493714842573,-2.649882800809805,504.4285070549258,1.3030545938593752,10155400,11.903504801761736,106.98779757742336,-3.494869119878331,4.325647957709862,0.2247115866259701
2003-11-14 00:00:00+00:00,14.4,A,35011.981378935765,4.128265262939662,196.11152340342232,39.43908821147575,1.4278350254470444,-7.912262903004975,349.0907258151091,0.7999846899893924,10155400,6.29830223517774,82.66600200641986,-7.248249331067768,1.798617924937048,0.1232920255607238
2003-11-15 00:00:00+00:00,10.9,A,34898.43615373848,1.7174201588245697,255.4396719719656,41.04977121740289,3.235366944212468,-8.527077533378765,327.1517357446173,0.7986271169558987,10155400,1.963801492024463,95.91932597439656,-8.115194061454076,1.5252941048173057,0.1509827379568896
2003-11-16 00:00:00+00:00,10.1,A,34787.16927191619,5.598646597657082,96.10962645551464,39.942855414063175,1.302576735174197,-3.2300150249435102,483.9853080290821,0.897053624279318,10155400,2.932354260269439,107.12560129904584,-5.8176959050632036,1.9978005780311037,0.153479929168849
2003-11-17 00:00:00+00:00,12.3,A,34678.2331504792,14.577867724368788,96.59760533520912,49.04107130533978,-1.949062192212629,-6.337894426456827,387.0298040722849,1.0098169845938356,10155400,15.938056915964642,68.72400863319278,-6.762086934107174,-0.33528830061987946,0.1373675389470194
2003-11-18 00:00:00+00:00,10.8,A,34571.69019641894,4.096736822934519,217.63708134780512,51.90358704107559,4.027086474653756,-7.022351359826429,365.0218914514456,1.032070521131648,10155400,0.0,121.07183729674747,-8.602109541974585,2.3563720728761837,0.1827036450415111
2003-11-19 00:00:00+00:00,9.57,A,34467.597875751875,0.0,331.7002418776932,51.740511013996304,9.1943016480601,-6.719508965621137,371.9071226611266,1.7157906339467812,10155400,0.0,128.48356299048663,-5.024688300653736,6.545294243519891,0.4176615112686728
2003-11-20 00:00:00+00:00,9.2,A,34366.01647646372,0.0,226.4088594953158,50.17327420324912,6.29102270437618,-2.144831150526989,522.9300050221569,2.0989900367289684,10155400,0.0,118.35187260701578,-2.975695626362608,5.667120022179461,0.4431101664805765
2003-11-21 00:00:00+00:00,9.12,A,34266.999013215354,7.427589957658268,217.5428554399481,57.13420163108964,1.5550489883678236,-9.348288882708584,308.4577235177523,0.9774521982365326,10155400,4.437185614256554,77.97449459837893,-9.944845354250674,1.2206793429924119,0.1536088481300064
2003-11-22 00:00:00+00:00,8.84,A,34170.607627621044,2.486105407895168,232.37550997911472,59.62010729601074,-8.849868778923444,-18.29670203138973,149.23740647878273,0.6652149354551388,10155400,1.8179054429655928,98.83017390929749,-18.516671808195213,-7.351354769095792,0.0946909240113548
2003-11-23 00:00:00+00:00,8.17,A,34076.89323459956,0.0,325.11390539584943,59.62010729601074,-5.899348195931178,-19.92269310245523,129.3252074028603,0.6036510477167817,10155400,0.0498781435664153,120.94134231585602,-20.10431547645527,-6.989566790531342,0.0995665769735009
2003-11-24 00:00:00+00:00,8.2,A,33985.914888541745,0.0042689596388057,319.8133550314276,59.62438659136409,0.2357573754127252,-14.082934094520835,206.04873968487743,1.0833217201465786,10155400,0.4142159427661241,94.85664722714304,-12.90422139626736,-0.6473438517479053,0.1807507686365208
2003-11-25 00:00:00+00:00,7.85,A,33897.73009126687,2.2938461425074776,197.99363649664613,61.918291711256266,-3.642305691956167,-11.8781944107091,247.87697167747987,0.7483811112746415,10155400,1.612801365875021,89.26370382723609,-10.40730874840466,-4.185853200398299,0.1162298720997045
2003-11-26 00:00:00+00:00,8.26,A,33812.389054268075,7.357179849406747,156.25903499925238,69.27546110710026,-5.233367689151483,-12.165184447071018,242.46891389501124,0.6673862363524325,10155400,7.134339982249647,61.22663840901525,-11.422947216349598,-5.682964681258056,0.0929384507690172
2003-11-27 00:00:00+00:00,8.46,A,33729.95031450269,1.1082996890785302,289.4873840620794,70.38382557453299,-2.287108601239213,-14.65337398731304,199.165902963077,0.6491661667467467,10155400,2.0082508386594093,113.82964096517549,-15.553178315281343,-4.47150690628132,0.1263139077791709
2003-11-28 00:00:00+00:00,8.64,A,33650.46056673604,0.8843745689355331,314.6795187525714,71.26813522203175,4.596776081459035,-13.255709071262883,221.05096570554417,1.1779426794138586,10155400,1.9633695308597925,106.44407909137428,-13.393511966486074,2.78364171438875,0.2708124227040929
2003-11-29 00:00:00+00:00,9.14,A,33573.976238517665,0.006760647145433,272.3705691053232,70.4973745680393,6.521661492392402,-4.165092578029512,449.31224353226327,1.2512947531346923,10155400,0.6964829480542177,63.54093467897214,-2.4958388569187377,3.7866114990012534,0.2804763138557732
2003-11-30 00:00:00+00:00,9.43,A,33500.54682135743,0.0,273.0348218022825,69.0633834381629,8.324920042040846,-2.5862065859987844,507.1768297459282,1.0752144396146104,10155400,0.0,105.7283463857939,-4.377997123472483,4.280542157051343,0.3137584987845683
2003-12-01 00:00:00+00:00,9.46,A,33430.21854143988,0.0,262.3098584453804,68.13141684128837,6.479546344273898,-3.8158791603462814,463.32782300475935,1.4857393127737455,10155400,0.0,105.76441909725372,-4.167758288359039,4.951150485512244,0.4247169976042461
2003-12-02 00:00:00+00:00,8.9,A,33363.0412025388,0.0,295.0817973089984,68.10427752138972,5.067583575946677,-8.035586040370287,336.4453543146328,1.0298498367883635,10155400,0.0,111.48921758356666,-8.874935143050777,1.762119238184539,0.2469888162648288
2003-12-03 00:00:00+00:00,8.23,A,33299.05938678137,0.0,296.004549445647,68.10421483987099,4.707926178847488,-8.710970588780272,318.27336416082414,0.948898488413432,10155400,0.0,95.6957381340794,-9.4381673653387,2.375510045776025,0.2444533476844824
2003-12-04 00:00:00+00:00,7.78,A,33238.31805454239,0.0,299.97575294695326,68.10421483987099,5.301335322709387,-8.919757900802791,312.7647630230285,0.9696465264346956,10155400,0.0,112.22587245682703,-7.917549965883552,2.1970822195672213,0.2712935998359341
2003-12-05 00:00:00+00:00,7.68,A,33180.85707644984,0.0,239.5993071557702,67.74646858080231,4.011922659373162,-5.510948806839559,407.1520080488867,1.1490926188549888,10155400,0.0,102.4425044658511,-4.910988210272876,3.9891280758636753,0.296878251939829
2003-12-06 00:00:00+00:00,8.08,A,33126.7278358798,1.4698420526478009,142.7211674877087,66.28210812273393,3.1588380555412616,-2.487673127323166,512.4481329532953,1.346974654507753,10155400,1.3804603905990516,80.47030465568685,-0.9886465378409639,4.49475491990529,0.286591862704894
2003-12-07 00:00:00+00:00,8.93,A,33075.95623667746,7.847087399090615,161.89180697355647,70.6292206506594,1.643795070469671,-6.296606547129898,386.50707899574303,1.1135610451682374,10155400,8.371622289867572,87.52943897601563,-4.841458083290263,3.918652265046944,0.2022075059587608
2003-12-08 00:00:00+00:00,9.17,A,33028.584493421804,5.693777457809902,149.20601387025906,76.13537201289661,-4.146435767000868,-11.1352030212909,268.6710109845388,0.7563925241984586,10155400,5.070638195755213,74.74853563617556,-12.679292919105592,-1.6667742220683408,0.123330738891452
2003-12-09 00:00:00+00:00,8.67,A,32984.64516252144,1.0427214397404443,276.55354355358344,77.17815838898065,-1.1032641120802953,-16.11331994621816,176.36883868974206,0.6263821138575685,10155400,0.0,107.61175931619292,-15.18101355391417,-2.6765397348065108,0.1557765198012475
2003-12-10 00:00:00+00:00,8.5,A,32944.17021149382,0.0,218.13875585525184,77.17815838898065,-2.549594891741306,-10.792560308787472,270.8993007520629,0.854010373210547,10155400,1.25608400574132,86.12304856992897,-9.988059947478689,-2.7563659724230547,0.1542180821975153
2003-12-11 00:00:00+00:00,8.14,A,32907.19608253819,0.0,237.64705986712843,77.17364703239588,-0.9596616444832065,-10.262691463412418,285.50267010734376,0.5877006982692699,10155400,0.1802216700684598,92.23413544565103,-10.721886278408306,-1.4720146381411041,0.1331277549624611
2003-12-12 00:00:00+00:00,7.63,A,32873.742077767514,0.0,245.8919478992233,77.17364703239588,-1.9074225441642143,-11.546764687605274,257.8706915296549,0.5833592695329513,10155400,0.4153056180861892,102.0669322016598,-12.230959653736193,-3.101509584575865,0.1070918274387629
2003-12-13 00:00:00+00:00,7.57,A,32843.83631077283,0.637639106851388,207.96032948582803,77.62539660269549,0.9906844611494516,-7.340748229280328,354.7955961982118,0.5862038921923568,10155400,0.8087699975947044,49.78056094210932,-10.703963595800644,0.4533787557820119,0.0808106486791243
2003-12-14 00:00:00+00:00,7.83,A,32817.50338834802,6.688872323781435,208.91029318872165,82.64128365450335,2.7544155780825745,-9.717628247013002,306.1848965232319,1.0592808765237434,10155400,3.85753501186402,92.97156249212463,-8.386016265850799,2.0306819672467213,0.1751733208109395
2003-12-15 00:00:00+00:00,7.39,A,32794.76203846034,1.32519881795733,209.40380424180495,83.96662169142486,-6.92722512631893,-15.85561655812936,183.6099169292172,0.6308121013942153,10155400,3.266456362770048,76.04075547570964,-16.548314450326984,-5.738457338611397,0.0908925518838444
2003-12-16 00:00:00+00:00,7.28,A,32775.62244773552,1.1264771788359464,285.3307390444009,85.0930675107689,-1.1003522758621014,-17.919517939271387,150.41253985305667,0.7559411068856429,10155400,0.0,106.5425645631375,-18.12400438348581,-1.8241890856705822,0.1939620046626369
2003-12-17 00:00:00+00:00,7.33,A,32760.11520784036,0.0,283.89448273353327,85.0930675107689,3.91762051991377,-9.88329967777146,288.6793100561316,1.0260320476706903,10155400,0.0,103.21365508607064,-9.955857994866676,1.9217672960260757,0.2970831784909953
2003-12-18 00:00:00+00:00,6.94,A,32748.235435597115,0.0,287.640493894557,85.09209116361934,7.069454797367024,-7.316916698739988,352.9690704426847,0.8601637531563341,10155400,0.0,104.4616998267662,-7.186106428963399,3.9724616232888366,0.3381347029417907
2003-12-19 00:00:00+00:00,6.53,A,32740.001244573607,0.0,279.4829388244364,84.38149543036815,9.370863991534202,-4.315450900182042,444.32965159855166,1.1541043393719763,10155400,0.0,104.22499109948777,-3.6506672596351564,5.050406275356693,0.4167244980203252
2003-12-20 00:00:00+00:00,6.62,A,32735.4138638214,0.0,259.1935922931444,83.776853678337,7.543876285840834,-4.591289784364356,435.9432112265838,1.3984181138006635,10155400,0.3612342167862729,74.45714676783318,-4.909752335269104,4.201606017566121,0.3435153317705008
2003-12-21 00:00:00+00:00,8.09,A,32734.485715836832,9.825155016174888,131.32996622407902,87.24533923035791,1.432886953460953,-5.374443182130431,412.7938063043465,0.7283905751129802,10155400,10.578119625502588,80.31237363941347,-6.117293389742201,1.52107372349991,0.1324993062536194
2003-12-22 00:00:00+00:00,8.17,A,32737.21114371145,0.6695511909021798,266.5134283774952,87.91498410686496,0.7838864450902222,-12.437771235366558,236.8876121864986,0.6511372102466888,10155400,1.8959502282480687,103.05777248649296,-13.112394361082124,-0.5156186792851258,0.1556919396080893
2003-12-23 00:00:00+00:00,8.88,A,32743.58820011169,1.6293952644951404,260.9167164531035,89.54440368825068,2.9728988364649203,-12.375881732578014,237.59427627959084,1.2268951822782843,10155400,0.0,108.122491955828,-10.1074957002362,3.0909408136121783,0.3704651946105127
2003-12-24 00:00:00+00:00,9.06,A,32753.61307803443,0.0,215.73721499248907,89.1998926332471,3.4533002993573927,-5.407397225163093,409.749149856988,1.06675154061349,10155400,0.0616637391061124,100.7196708904213,-6.692425038989313,1.1505218420796837,0.2394471012271065
2003-12-25 00:00:00+00:00,9.75,A,32767.28014269519,19.53606223816852,100.21885529275764,92.75904002357812,0.8731170835707274,-4.087465703899666,455.04319096029496,0.6875552030510556,10155400,18.27701513107808,84.90183582759208,-4.843634189510283,1.478480562253651,0.1267227587367289
2003-12-26 00:00:00+00:00,9.0,"A, e",32784.57291859815,18.45310887707389,193.15000407946883,111.21218861860832,-2.2480519349638364,-13.015063134303965,229.0424561227223,0.6788646192733008,10155400,21.78622497434453,89.52561714045066,-13.078954772201769,0.6645644876009555,0.094923654922844
2003-12-27 00:00:00+00:00,8.5,"A, e",32805.48399911958,1.0582854242388295,184.0016630362474,112.27048626038663,-9.954570102660105,-17.225175501992368,160.84477185391438,0.4668086890739476,10155400,2.001828556313839,83.73305484603543,-17.3305257973515,-10.195470740860856,0.0643581165419257
2003-12-28 00:00:00+00:00,8.0,"A, e",32829.9896424355,3.3967235366808173,183.1475101984137,115.66713792739375,-7.596959005714627,-16.890742583199128,164.428118069388,0.5328939393199219,10155400,0.148684163905321,88.05355439217541,-17.731253394784773,-7.351504177802212,0.0795331947892327
2003-12-29 00:00:00+00:00,8.5,"A, e",32858.0787817612,10.982262551230582,194.27970682834192,126.64934859191423,-5.65324218916656,-15.920736568020548,177.7236775370425,0.2975813552338718,10155400,6.446424032679188,89.92346265961088,-15.074502044515953,-3.1303561847802825,0.0285594934528655
2003-12-30 00:00:00+00:00,9.0,"A, e",32889.73431534709,7.188583526524582,138.9449514881429,133.83816791430567,-1.8235611417613893,-8.376353345730413,325.7197250771208,0.6531685260360588,10155400,9.720185632855657,77.38996731824247,-9.54931800634563,-1.5577752690907118,0.1033249678505769
2003-12-31 00:00:00+00:00,9.0,"A, e",32924.92009889494,4.125391754027511,136.81786851686263,137.96359088824852,-1.5618598278636822,-7.862873730242438,339.05985592402067,0.5944413930202559,10155400,3.0588216901133056,76.87425282542092,-9.91695606678951,-1.9824296756919466,0.0940416112779368
2004-01-01 00:00:00+00:00,9.0,"A, e",32963.79372412921,13.04780665075443,131.51813129172328,54.97648755768641,-3.424756904761502,-11.200155205323057,261.8590674764256,0.909753698639194,10155400,14.031779969406296,93.8311129102703,-8.745792552918374,-0.3181853420566654,0.1352794591398748
2004-01-02 00:00:00+00:00,9.5,"A, e",33005.99074266971,12.290834498450703,199.819884183468,67.26694345706755,-3.888837898187946,-17.047190505906297,166.3294918283419,0.6863355127108336,10155400,11.536993438965228,57.69942737107865,-16.401792688459864,-1.8832169859936698,0.1018778011086664
2004-01-03 00:00:00+00:00,9.0,"A, e",33051.63711751878,3.796039163456704,178.8915489318269,71.06294987891671,-7.105559387241028,-17.164431988192796,159.6966567271759,0.5645475786319738,10155400,2.074862302544328,71.14849719722919,-15.848572382731959,-5.1321180701635285,0.0946366303707036
2004-01-04 00:00:00+00:00,8.6,"A, e",33100.69884540319,0.0704959285947605,263.00213648275155,71.13342863836006,-9.279412665209428,-22.00785307189599,106.2267674005069,0.4445016584481817,10155400,0.5537068977220235,94.86165029035516,-21.20107054084707,-9.900910280339929,0.0644640529831079
2004-01-05 00:00:00+00:00,7.4,"A, e",33153.14051954561,0.2717277662333616,234.66106299269,71.40508687854266,-9.476253865970758,-20.151235566496197,125.30971400224958,0.4899512549120983,10155400,0.3921895377098111,112.99301474881813,-21.08430860378013,-10.069571857749963,0.0710400513838822
2004-01-06 00:00:00+00:00,7.0,"A, e",33208.92429103124,4.367300102021617,247.73005880648228,75.77240469275121,-3.344824626216592,-19.152397722666667,134.64190262462864,0.6382259179312941,10155400,2.188758244715312,101.88095071587044,-20.443537295221972,-0.5897605085286841,0.1274394190328226
2004-01-07 00:00:00+00:00,7.0,"A, e",33268.01649363156,2.398111168605174,154.64846276319264,78.17046869408571,-0.6055576882874348,-9.147437295167096,306.44641539737216,0.810229867079522,10155400,0.0433100677350466,87.78831261203807,-8.495880310360292,-0.4115722676892801,0.1347872045605714
2004-01-08 00:00:00+00:00,7.2,"A, e",33330.36720087058,0.0015296387868711,265.1873226313948,78.17199620210286,3.4079312751169213,-9.26997740988512,302.96377741911823,0.8447823552306055,10155400,3.4540827850357165,86.64716817033508,-10.068595773860693,2.1610393543126065,0.1836473219063944
2004-01-09 00:00:00+00:00,7.5,"A, e",33395.9375733193,0.0,297.74038523368046,78.17199620210286,6.657491192274661,-8.884222564526086,312.62415604146923,0.9766607007243568,10155400,0.0,113.181730535707,-6.672515546937518,4.47653169544202,0.3110225397774702
2004-01-10 00:00:00+00:00,7.5,"A, e",33464.681878851254,0.0,295.5972018400015,78.17121050538438,6.679653846351754,-8.47277818675303,323.4187380043495,1.193878157625556,10155400,0.0,116.04179087273464,-6.438676872877579,4.5410865648569825,0.3841034705886783
2004-01-11 00:00:00+00:00,7.2,"A, e",33536.55536840715,0.0,306.21842630306605,78.17121050538438,6.1412291974240025,-9.936325995221615,287.9000652656287,1.103410603627881,10155400,0.0,118.7499478392632,-7.3929164982251905,4.2782128767620975,0.408456542429314
2004-01-12 00:00:00+00:00,6.8,"A, e",33611.50537559604,0.0,311.5958810141593,78.17121050538438,5.065108375155278,-11.437984729219918,255.4506317902624,1.040918734545701,10155400,0.0,120.74559661718592,-8.557962277518698,4.002426657815647,0.4115200369285435
2004-01-13 00:00:00+00:00,6.8,"A, e",33689.48334770907,0.0,308.48360680537246,78.17121050538438,5.712756039872679,-10.226033145811488,281.22073778534275,1.149698168929014,10155400,0.0,118.7023538316824,-8.849253020888398,3.727537417692588,0.3529505599437917
2004-01-14 00:00:00+00:00,6.8,"A, e",33770.443369167115,0.0,307.6328535943859,78.17121050538438,5.996722864411892,-9.56505342955205,296.3754304582269,1.1217629302679486,10155400,0.0,120.02764908880566,-7.7651345416649065,3.97660859745514,0.3705927441527865
2004-01-15 00:00:00+00:00,7.1,"A, e",33854.32895661436,0.0,305.74554508567167,78.17121050538438,4.1528236220394685,-10.845877258791456,267.4947835623446,1.1226601193472712,10155400,0.0,114.39542825022195,-9.426930312864158,3.233667042026468,0.3273374939451093
2004-01-16 00:00:00+00:00,7.5,"A, e",33941.08270886533,0.0,273.7786716744121,78.17121050538438,-0.7497141291750876,-12.82409685701027,228.12990115842453,0.7209121657707533,10155400,0.0,79.17116547621308,-12.509733510322235,-1.761701876083464,0.1412826931598888
2004-01-17 00:00:00+00:00,7.7,"A, e",34030.6608952874,0.0,325.1206239586232,78.17121050538438,2.159217981362815,-14.46647535046436,199.6401866138985,0.8932608819593875,10155400,0.0,124.5863156035892,-13.209088372772385,1.3371425582945449,0.2463117611327375
2004-01-18 00:00:00+00:00,8.0,"A, e",34122.99990749699,0.0,325.41427396285843,78.17121050538438,2.724707334873844,-13.653221368469492,213.3471139220713,1.045055125327478,10155400,0.0,125.07413982199073,-11.996663708148617,1.196733360157907,0.2639427975032035
2004-01-19 00:00:00+00:00,8.0,"A, e",34218.04868230308,0.0,245.5680799644548,78.17121050538438,-1.2391119331692957,-11.241464938130374,259.91410724308395,0.695787753151252,10155400,0.0,101.35671370959832,-12.593720508291653,-0.5780124590167475,0.1332040315842378
2004-01-20 00:00:00+00:00,7.7,"A, e",34315.75044764629,0.0,266.7698722082372,78.17121050538438,-3.1417007997787154,-14.183643777564374,206.9828667619412,0.6465483894583194,10155400,0.0,118.7431640742356,-15.169346319512385,-2.4071230184354135,0.1266098093718141
2004-01-21 00:00:00+00:00,7.7,"A, e",34416.044956879494,0.0,327.92715475698594,78.17121050538438,0.0315946718598518,-15.793425130295626,180.57874189685344,0.8090073931230268,10155400,0.0,130.08258125205344,-16.67158866058446,-1.9551997300853827,0.1723862398806457
2004-01-22 00:00:00+00:00,7.5,"A, e",34518.87703205701,0.0,344.221236079166,78.17121050538438,2.0993291540437644,-15.29923922224287,186.18249245987408,0.9665708639167278,10155400,0.0,124.51905508074,-15.32042967590769,0.7004598164437539,0.229124308822078
2004-01-23 00:00:00+00:00,8.0,"A, e",34624.18969387867,0.0,335.4788741397816,78.17121050538438,5.244514285926356,-10.90265634036845,266.5713263259529,1.37526995292759,10155400,0.0,127.87286596296302,-11.92830211714471,3.081297231791382,0.3340625862989562
2004-01-24 00:00:00+00:00,8.5,"A, e",34731.92689114996,0.0,266.69582903129253,78.17121050538438,2.483212839590138,-8.314710608411794,326.5398669132385,1.340687061366029,10155400,0.0,126.0678807518792,-10.224518663463073,1.2907670480059323,0.2457290500147558
2004-01-25 00:00:00+00:00,8.5,"A, e",34842.02576444335,5.276004691504787,180.8105485059168,83.44708856365796,-5.2196164833399,-14.291513659067672,206.0204817117616,0.7833800579786405,10155400,4.104886440308578,77.74882315767651,-16.807054920278517,-3.998524612003962,0.1057794707859737
2004-01-26 00:00:00+00:00,8.0,"A, e",34954.4300267885,0.4602132156980887,244.7506905104655,83.90742654001676,-7.221348970904542,-16.766024554326542,167.66353662286488,0.565699059901577,10155400,2.2258117621862628,108.07448123963285,-19.282868321660885,-6.53898435734834,0.0787945086648007
2004-01-27 00:00:00+00:00,8.5,"A, e",35069.077669185834,2.1621927379529584,294.8117213446528,86.06974026266028,-2.3010992458369435,-15.98128784302716,176.07099672253784,0.7830997957254927,10155400,1.2525597867511251,106.81468571990416,-14.258772844042994,-1.8248164214803069,0.1140249435821668
2004-01-28 00:00:00+00:00,9.0,"A, e",35185.919791809254,1.1452249185353056,206.02590843321383,87.03484915334032,0.9393709109021544,-7.3353922036003985,352.7332931897351,0.831488853550637,10155400,0.0106050980374209,119.09235374264716,-9.733005683588715,-0.23147096996439132,0.1227107950820411
2004-01-29 00:00:00+00:00,10.0,"A, e",35304.89268043861,0.1379138807792093,207.66849023638576,86.90663380073613,1.4485089331436856,-6.169265235960237,386.3649831357326,0.735177127228394,10155400,0.6779060107573698,107.3771959767792,-10.413970997936474,0.6050608326326028,0.097323338186007
2004-01-30 00:00:00+00:00,9.0,"A, e",35425.937255224,0.1967537990165582,291.0237462715276,87.09931307970626,2.828072509782202,-8.553857889841955,322.5770567625613,0.938944783936085,10155400,1.256617326385477,82.44757949756936,-7.778948611556473,2.080196687899331,0.1353428417178069
2004-01-31 00:00:00+00:00,8.5,"A, e",35548.99753598504,0.0303980404802851,311.0450288517338,87.12964231258752,-4.080231940724383,-16.163153831818487,180.81102459847705,0.8030537317561903,10155400,0.5234366685477663,133.6329968200977,-17.33743694171909,-3.5725526039277042,0.1201182796336505
2004-02-01 00:00:00+00:00,8.2,"A, e",35674.01539541313,0.0004449255786694618,366.8342845410514,87.13008723788778,-4.199311245972408,-20.345423638122213,121.89338972698694,0.7843578654063303,10155400,0.7991770031249874,133.40424313242826,-19.555780000548765,-4.540701918692491,0.1156526928649695
2004-02-02 00:00:00+00:00,8.0,"A, e",35800.94049216832,3.866784296364469,268.5278206541055,90.9970473690686,-2.415213619790924,-15.831502508141243,179.0482447213951,1.0108607975653772,10155400,0.9203684498050736,141.59218855671512,-14.984867844030248,-0.7920974830738601,0.1681194273528701
2004-02-03 00:00:00+00:00,7.8,"A, e",35929.71011838702,6.814656423617794,141.3145615115152,97.81170419668052,-3.2144665970932813,-9.530288418058111,297.7959270320022,0.9578434191332038,10155400,7.170597978926007,125.98075541882632,-9.71559596133352,-0.1573423299089427,0.164068090758273
2004-02-04 00:00:00+00:00,7.5,"A, e",36060.26462322356,3.80497148426976,179.3380536388873,101.61679087117112,-3.4442338363187006,-11.487526273022102,256.2568953740301,0.93619082453335,10155400,3.5438340563637585,130.3738881760102,-10.035252229148796,-1.705010977139409,0.1399448527622831
2004-02-05 00:00:00+00:00,7.5,"A, e",36192.56074581556,3.297585636648655,245.3422734554267,104.91473417445292,-1.896799274290509,-13.003985592704751,230.5475319136736,0.9017216122106668,10155400,2.6799579251703407,126.07158761484752,-11.3419856155611,-2.2782157626075445,0.1389792994909465
2004-02-06 00:00:00+00:00,7.5,"A, e",36326.52826688718,0.1405722462088506,356.22685333686013,105.05527451479249,-1.5704817600971237,-15.30133074832522,186.81284276334657,1.005243959384277,10155400,0.0,158.3272904264788,-15.807235405374854,-1.9655584206724939,0.1664182667087856
2004-02-07 00:00:00+00:00,7.8,"A, e",36462.12837334388,5.210605179522939,237.1749160803996,110.26550580372998,-2.728953906358576,-13.328147200431726,219.39849598935584,0.963813116256329,10155400,2.9257895236892337,95.818922942911,-11.95409226821431,-1.942559665236729,0.1652640289338525
2004-02-08 00:00:00+00:00,8.0,"A, e",36599.30372585992,4.289458132473946,187.07218718401387,114.55493884041388,-4.187798892517796,-11.928399007325686,247.61128956317063,0.8423545601781097,10155400,5.550114637204589,126.03142222390493,-15.906551799572753,-4.132870819834068,0.1099129382154524
2004-02-09 00:00:00+00:00,8.2,"A, e",36738.00291710441,0.0,362.3924721387112,114.55493884041388,-3.961799272514187,-16.798070473591103,172.78047362686522,0.8097137035281132,10155400,1.4309697726587345,134.01110307337964,-18.23271347110679,-3.953388588204689,0.1359660184059784
2004-02-10 00:00:00+00:00,8.0,"A, e",36878.165195535,0.0,432.5206760656204,114.55493884041388,-1.0257938611760526,-19.615892460327927,129.21867023352354,0.99437422763441,10155400,0.0,160.09925297501152,-18.222790626554655,-2.2315594942954817,0.1707306447545488
2004-02-11 00:00:00+00:00,8.0,"A, e",37019.74832545957,0.0,402.2554604900524,114.55493884041388,-5.541498631674957,-20.55986869320557,120.03364280806905,0.8336862604033812,10155400,0.0372818686433534,162.5472297176605,-19.88920632403523,-5.280698475080669,0.1210199156709918
2004-02-12 00:00:00+00:00,7.8,"A, e",37162.70587880949,0.0,436.85615181526816,114.55493884041388,-4.948649105615413,-22.875225836613957,97.08940079703028,0.830933205735177,10155400,0.0,172.62243870465096,-22.344274419322147,-5.772131817377442,0.1425428980394279
2004-02-13 00:00:00+00:00,8.0,"A, e",37306.97843047303,0.0,445.4844173057378,114.55493884041388,2.6953964892948927,-16.466895093431415,169.14097953479583,1.1988786382732934,10155400,0.0,169.93935246215338,-15.25237758119664,0.6278152808814639,0.2325306149365873
2004-02-14 00:00:00+00:00,8.5,"A, e",37452.52427919312,0.0,425.66487321315736,114.55493884041388,2.8188992100135515,-13.644464798766329,213.6156973303476,1.3496478871214717,10155400,0.0,165.4255335708169,-12.714783272756392,1.0050171746391356,0.271015364962369
2004-02-15 00:00:00+00:00,9.5,"A, e",37599.294035147774,1.7106553598083756,384.9158416124525,116.26559770322376,1.6545935727283216,-14.4347788853512,200.0057139739072,1.1519397510380265,10155400,0.0,149.7479225925956,-14.884571422033332,-0.09394532391911525,0.184599276035373
2004-02-16 00:00:00+00:00,11.0,"A, e",37747.24352780052,0.0,402.5436511229289,116.26559770322376,5.669189797088962,-8.603964104932425,319.614302261956,1.2582806946469451,10155400,0.0,140.69709417926163,-9.968093569526388,1.9628507444878096,0.2156879728746052
2004-02-17 00:00:00+00:00,13.0,"A, e",37896.319849664615,0.00026322475304276475,364.3337641873496,115.7895849673918,7.033586487304567,-4.865914015389954,425.681266862577,1.833421451306988,10155400,0.0,157.35492264490492,-4.881341117570173,5.660576199014997,0.3271121013108992
2004-02-18 00:00:00+00:00,14.0,"A, e",38046.48729878044,0.0,304.1662252004687,114.28798363709426,6.696639515433729,-2.429574990495781,517.7018819595017,2.1721302359896844,10155400,0.0534529570425362,157.51436121392356,-2.419372594482752,6.312419445952116,0.409105476633033
2004-02-19 00:00:00+00:00,13.0,"A, e",38197.69686779625,3.735408561560601,288.1543440355634,117.60677198701904,1.7500275073016618,-10.108827185818075,293.29201327768976,1.267843360708303,10155400,2.751330295936006,110.82348917476872,-9.327737138263046,2.6433514231943604,0.190920617671207
2004-02-20 00:00:00+00:00,13.0,"A, e",38349.90586910181,0.0663799178342696,462.0028034006901,117.67325076587429,4.260594076276671,-13.729687163542568,216.0127293156121,1.2928560782379852,10155400,0.6099110525522433,184.96761882814903,-12.50407782680196,0.9575869688868579,0.2183970899948117
2004-02-21 00:00:00+00:00,12.0,"A, e",38503.07686503387,2.066222170506401,277.1450271691808,119.7395075747284,0.9951285102176756,-8.479305040507882,322.646617204644,1.1427785562938075,10155400,0.3718482411294767,148.26668315330463,-11.218945758916732,1.203270784470476,0.1798183825658252
2004-02-22 00:00:00+00:00,12.0,"A, e",38657.16306175916,3.416084703531125,251.9049552483117,122.60657906794783,1.6205047531311458,-7.496830854397984,349.22427632241124,1.26131091333986,10155400,1.3837268563451868,157.28922216670514,-8.197613680699021,2.2572833033124766,0.1757919663250533
2004-02-23 00:00:00+00:00,12.0,"A, e",38812.12419473842,1.0001878244401106,347.43278988233465,122.44110812090594,4.346139812168332,-6.10323724421229,388.4751503069568,1.4902657676361215,10155400,2.283593059811629,169.97110363792115,-5.4396941075478935,3.0624767167447544,0.225489142599345
2004-02-24 00:00:00+00:00,13.0,"A, e",38967.92167732618,2.415660891544444,341.7747716943283,124.85677142685635,3.546455869945893,-8.581117909676848,320.3728217527004,1.1946883369046526,10155400,1.6019579135881865,114.94787226310322,-7.174933863693639,2.749471149452347,0.2020120420812318
2004-02-25 00:00:00+00:00,13.0,"A, e",39124.52099437618,1.4762680493800235,438.1862849647985,125.30466774776164,5.409817144110168,-9.62628701037269,299.9350769378684,1.5847303848620955,10155400,1.6807167631847204,181.7464746745978,-8.059404837349177,3.014999601204636,0.2247659686497761
2004-02-26 00:00:00+00:00,14.0,"A, e",39281.87639935548,13.64229088944974,241.97421463373217,135.516035521499,-0.0767985041345773,-8.616334924141727,326.8330187627113,1.667229295100739,10155400,14.716189957693992,145.84384937956077,-5.178046574796326,3.490155610247939,0.218322210714639
2004-02-27 00:00:00+00:00,14.0,"A, e",39439.958814018726,6.421815169921985,286.3190036669952,140.98989100403554,0.6777692009165663,-9.923332948345946,295.4398124049135,1.2911934063180492,10155400,6.087336765791212,155.58677075734244,-9.53845172505902,2.3201366997002992,0.1836317462685815
2004-02-28 00:00:00+00:00,12.9,A,39598.72446410787,8.458266919845569,284.61087838426886,147.7710738416595,1.053337227101911,-9.367904000310736,308.073997927224,1.190068697581374,10155400,7.965992558495942,171.35820144034193,-9.318515137214035,-0.519647513797679,0.1405892794921307
2004-02-29 00:00:00+00:00,13.2,A,39758.14385695105,3.885085213865527,249.66602255725135,151.01530673293811,-1.026187280730414,-9.508292591734584,303.2194558974304,1.457883786412445,10155400,6.2637472853664296,124.44874396476024,-10.492578289330993,1.901757514367091,0.2153144364968554
2004-03-01 00:00:00+00:00,12.6,A,39918.17885872125,0.13821316450429,515.045021358185,151.1534919318578,1.5952535587316654,-16.089615072233336,180.36571557741323,1.534821510944374,10155400,0.0,208.30795716734625,-14.345700341527959,1.6814984445238679,0.2339788012898044
2004-03-02 00:00:00+00:00,11.8,A,40078.79440961655,0.0,489.4242431683769,151.1534919318578,1.957210388591333,-12.952451776443938,227.40424049179745,1.504059339900034,10155400,0.6406689931366417,179.98469595286494,-13.581102541591179,3.2386282915486504,0.2480602022626573
2004-03-03 00:00:00+00:00,11.8,A,40239.95962087687,0.0177801693645151,487.70714492247504,151.17128488131223,4.003885803705863,-10.78307733386789,272.8571635561858,1.5421474217274806,10155400,0.6594543082317322,212.87468075215145,-12.251968688064153,2.898885605867804,0.241498159684953
2004-03-04 00:00:00+00:00,11.9,A,40401.63837913077,0.5177069146997137,393.9896095595908,151.68899179601198,0.072303250456532,-11.125829406102287,262.6998975068111,1.4138244202270271,10155400,0.5764808225155804,145.44245061060124,-13.17836456988806,1.3063316689750195,0.2043252406870917
2004-03-05 00:00:00+00:00,12.3,A,40563.79985808195,4.081687194760029,312.80956226266187,155.76647016750513,0.7941097472124283,-10.185758286294927,284.4234628435862,1.5535020226852383,10155400,2.5127033542272863,174.57788844897695,-11.881099649619955,1.2119157686987592,0.2065826183995738
2004-03-06 00:00:00+00:00,12.6,A,40726.42327854724,5.232063791955743,251.80255236320644,159.17113721434862,1.3722565330695131,-6.897476040377257,367.5034101598532,1.851750402751467,10155400,6.947707327365286,133.65500138623594,-9.245635469098659,4.383814131056113,0.2446018528764939
2004-03-07 00:00:00+00:00,14.0,A,40889.45773748049,1.4403916167624886,505.7529849927023,160.61137165778788,9.62453627500543,-9.490438982046404,297.28193958982666,2.044253440621929,10155400,0.0,220.2900465752963,-10.723107770395018,7.705234964986801,0.3722500049892204
2004-03-08 00:00:00+00:00,18.0,"A, e",41052.88561723359,0.0,536.2033179661953,160.45721870852736,11.987954163646172,-5.684490876122271,396.2482263981344,2.376393339419377,10155400,0.0,222.2210709972081,-5.606044112858399,10.189056447321718,0.504153681341774
2004-03-09 00:00:00+00:00,21.0,"A, e",41216.66711790271,0.0,537.1658412588181,159.79781346716615,13.62347951209066,-4.430194459586109,426.3195263544749,2.6805101457646026,10155400,0.0,224.8717872351004,-3.148049620085658,11.269648507407453,0.5823123344849359
2004-03-10 00:00:00+00:00,23.0,"A, e",41380.78437650288,0.0,501.8813380110362,159.3356579506624,9.293362968699352,-5.796288969843788,389.6503090985637,2.3640055692534467,10155400,0.0,228.70087870398248,-7.076479773660367,8.698919665782569,0.3959455511959097
2004-03-11 00:00:00+00:00,23.0,"A, e",41545.20747116609,0.0,564.3331703728467,159.3356579506624,11.044070902759405,-8.420533965118578,309.9465217217881,2.37546633900364,10155400,0.0,233.61722782125324,-7.674550041314774,10.254875849143502,0.5417405165112922
2004-03-12 00:00:00+00:00,22.6,A,41709.89807532924,0.0,547.1081136825891,159.306149694431,11.155170158637532,-6.659490637993173,353.330328302594,2.688412440215182,10155400,0.0,228.9775449951094,-4.64790333356666,10.626091537651803,0.5573609841800338
2004-03-13 00:00:00+00:00,19.8,A,41874.83061796911,0.0,522.1050497577463,159.14376957482338,9.916123816130453,-5.891248705849596,377.8725741419528,2.4307185835258083,10155400,0.0,234.12328400667448,-6.473750884171409,8.34764882457921,0.4357511154922151
2004-03-14 00:00:00+00:00,16.0,A,42039.98548687871,0.0,502.9954570411534,158.67752855913076,9.202893654036735,-5.143992558397676,402.6906487132089,2.4263264258559114,10155400,0.0,175.04626721484323,-6.601778481442125,8.50976742864492,0.3981064462782231
2004-03-15 00:00:00+00:00,13.2,A,42205.32932728584,0.0,469.74341115120046,157.7948029644051,8.693570116459115,-3.926796965718563,444.5096244227538,2.463139196818396,10155400,0.0,237.0316701019267,-8.153270811037714,7.163446151723747,0.3666140966425719
2004-03-16 00:00:00+00:00,10.6,A,42370.83144718556,0.0,486.4786990024243,156.77311503746293,9.547166105384711,-3.576080383752342,454.0189825497445,2.8316814482994026,10155400,0.0,240.201859705282,-7.0311591342526185,8.52673801375306,0.4407718526450341
2004-03-17 00:00:00+00:00,9.8,A,42536.466733514186,0.0,501.893666403597,155.7137896907173,10.230415515939193,-3.479914497594278,452.2845654561481,2.8461296714705795,10155400,0.0,244.3969059320344,-5.711139942717523,9.407583415197564,0.465308014001413
2004-03-18 00:00:00+00:00,9.33,A,42702.211596092005,0.0,570.6829460042313,155.00008375720054,13.60214137643472,-4.310546935195061,407.5178760349295,3.182151887320487,10155400,0.0,239.88300268161984,-3.1626508220653022,13.32701534026944,0.6328461726327299
2004-03-19 00:00:00+00:00,8.76,A,42868.038759938936,0.0,525.7317132727469,152.48556474551154,15.445548603072323,-0.0126968535535687,560.1944261221711,3.715510994351383,10155400,0.0,228.1995386609321,0.945981324475099,13.948567559672256,0.7614100933101609
2004-03-20 00:00:00+00:00,8.51,A,43033.91184450616,0.0,582.440129161698,150.23594074679346,18.94011114049384,-0.6438633767948775,508.3298782273239,3.389834837409161,10155400,0.0,250.6411793695825,2.0569553340725975,16.79869976057364,0.9849158191001935
2004-03-21 00:00:00+00:00,8.23,A,43199.8203125,0.0,592.590801361212,147.94985440963055,19.984324121440075,-0.5564049306432418,504.2768800571872,4.115815472610516,10155400,0.0,251.0376398125097,3.2408035058674045,21.84227080569235,1.4190453153405602
2004-03-22 00:00:00+00:00,8.08,A,43365.72252560785,0.0,565.226248943237,145.41248663837396,18.65261913863921,0.0411540070060837,538.7994448362473,5.098033341507236,10155400,0.0,250.2297787447304,3.9891837082411143,21.772720830356604,1.358367154035531
2004-03-23 00:00:00+00:00,7.72,A,43531.60141530647,0.0,527.1094292801782,142.6220604254795,16.62030293315843,0.655834405848868,581.2490738895395,4.230393228531353,10155400,0.0,241.57459213956236,3.3533071512775336,17.71686210801903,0.9803924773633376
2004-03-24 00:00:00+00:00,8.28,A,43697.42441529933,0.0,521.3457264947165,140.59157675832125,14.332289487242784,-1.0701081926731455,521.3299617417786,4.342861615991737,10155400,0.6525019031397741,247.7355125360953,2.5518885325254814,18.281539792462127,0.9725275855771186
2004-03-25 00:00:00+00:00,7.32,A,43863.16896765381,5.375569021864967,420.0344623880761,138.86832882467723,14.181240159534376,-1.7663271954050122,514.5057135786396,4.540191321426539,10155400,0.7625841433482217,246.42111144071032,1.5331786142569968,17.48173290121008,0.9262501501722206
2004-03-26 00:00:00+00:00,9.29,A,44028.8047550679,8.800077291817585,368.6311730111294,142.66218721393872,7.08517072382608,-6.482852073271791,385.75716394845335,3.0383774191660198,10155400,9.813315724801406,200.06710139999947,-6.550822312290165,11.10145297763222,0.4804662915872421
2004-03-27 00:00:00+00:00,8.65,A,44194.3071338601,6.0719221122363285,319.4447738051173,147.2355398490345,2.295838544259841,-8.540367589626246,328.7986520346168,2.068150397462364,10155400,7.101647313365731,115.75844892704536,-7.056573040111061,4.258052337724848,0.328805147807198
2004-03-28 00:00:00+00:00,7.95,A,44359.65417224007,2.261559761353032,423.8880054775432,149.343425070719,5.585526624621109,-8.602490526611735,322.06844896316926,2.783316473724944,10155400,1.6385333633406745,269.55664544646146,-7.543182030635251,6.3236930831313884,0.3978660920880995
2004-03-29 00:00:00+00:00,7.33,A,44524.809490904256,0.0,638.1441033964717,149.343425070719,14.46692097214904,-8.560559535656793,292.46445910228493,3.2354344575067038,10155400,0.6723600676435871,275.7688231101504,-7.818833434966336,12.261140702448472,0.6800483359187246
2004-03-30 00:00:00+00:00,6.74,A,44689.742099916206,0.0,590.7849565736644,148.3453234776599,15.772837376360853,-3.4712828614409643,417.54326743177984,4.116517648631045,10155400,0.0,271.8473567199648,-3.0472874323065184,14.854931758280372,0.8369664948760693
2004-03-31 00:00:00+00:00,6.22,A,44854.43303050889,0.0,557.61731279906,146.47901281287434,16.04507130135624,-1.14324582358226,489.2650454847341,4.045400218506476,10155400,0.0,273.0646511549864,0.20499026488425898,13.723926088571432,0.767492665876588
2004-04-01 00:00:00+00:00,6.0,A,45018.85560904554,0.8111883311690429,348.8838697499995,143.68670731063594,11.262253308885436,1.597276441927475,670.8612027386262,3.280443531468731,10155400,0.7988302389027818,231.55997022381197,0.21078490312044096,11.517880534022083,0.5623092756491942
2004-04-02 00:00:00+00:00,6.09,A,45182.97350709729,0.0,485.8541181999799,141.31938907815208,14.012962181463136,0.5925044387791135,554.6199259827815,3.467103214725744,10155400,2.914400361353704,243.27031658819777,-0.7945226534881158,13.137199824260279,0.5177249802412504
2004-04-03 00:00:00+00:00,4.72,A,45346.76212988457,0.0,495.5033621323487,139.70466946230164,12.484845684398254,-1.3295394214512684,476.3807579656815,2.9366201233946665,10155400,0.0,242.5605687841644,-1.5426712639136895,10.458568645820776,0.4008850975521598
2004-04-04 00:00:00+00:00,5.21,A,45510.18926555778,0.0,540.6153742544047,138.2797328147392,14.137445439978976,-1.837490385334896,431.4974465780048,3.2094463237067434,10155400,0.0,269.82354036052334,-0.4832118729583499,13.96950298741109,0.5594029977981803
2004-04-05 00:00:00+00:00,5.44,A,45673.225944605336,0.0,527.9228306142838,136.42339144306325,14.789178418378055,-0.6495190443177327,472.5312711149918,3.2556424262915327,10155400,1.0647706805345565,266.64019209321185,-0.9568742985838412,13.29515033956676,0.5666868914304509
2004-04-06 00:00:00+00:00,4.84,A,45835.84063472862,0.0,519.0090265096951,134.7672106946431,13.780206394347092,-1.0954717134421843,456.5642897780178,3.166513813722737,10155400,1.417981986503223,267.66956155302586,0.3253550128966367,13.108197613754726,0.5813885066242532
2004-04-07 00:00:00+00:00,4.8,A,45998.003501514,3.3825623736024557,327.0256620052356,132.94371249495188,11.173849257275087,-0.2973069192018521,581.9558736229283,2.855791192151999,10155400,2.6763828709510307,238.24289344152436,-0.11146981175090787,12.699339172575492,0.4550958932887334
2004-04-08 00:00:00+00:00,5.61,A,46159.68604958478,1.1696532019625905,308.3698374065848,130.9521402958951,8.66383882015203,0.3149878875768792,619.4867566767903,2.610081962525246,10155400,2.2566200498304854,209.22517705557064,-0.9425072708377229,10.404377024679604,0.3614613897618955
2004-04-09 00:00:00+00:00,5.55,A,46320.85524435353,5.326774683752109,330.70221731451767,132.96324102753013,6.104007816068404,-4.846354088807502,435.2596212553842,2.752873293284791,10155400,3.9281262276675695,236.28807868664745,-3.5420323434066745,8.080836157763542,0.3432930176752115
2004-04-10 00:00:00+00:00,5.64,A,46481.47097559444,0.0,511.5886080822671,132.92587137010585,5.677905941986948,-7.455931088599481,325.16064079776754,2.703333829030837,10155400,1.500427171458531,257.9398385222059,-6.02340517171865,5.753364392972799,0.3512910434108643
2004-04-11 00:00:00+00:00,4.87,A,46641.50962448182,0.0,602.0888276823243,132.91887830120572,9.374750976386384,-7.882995656505634,277.2252700663665,2.900675572471748,10155400,0.0,284.545847840587,-7.330490713813674,7.540976486507077,0.3994536154088992
2004-04-12 00:00:00+00:00,4.92,A,46800.92513400044,0.0,607.1146957842136,132.2947565422468,13.837959376349,-4.073792785730948,344.20894855271564,3.3077422883638814,10155400,0.0,289.48666601032625,-3.969346732437373,11.820628543129317,0.5731458710063304
2004-04-13 00:00:00+00:00,5.35,A,46959.697084931024,0.0,614.276069498862,131.28722604183,15.752317609165404,-2.7322243326228515,368.51722871368577,4.287095609812671,10155400,0.4908490281893758,286.37501837366943,-0.9725857310913852,15.089766052733353,0.7646619790164686
2004-04-14 00:00:00+00:00,4.92,A,47117.77788256774,0.0,540.414436739392,130.19652047558617,12.660315849848232,-1.879301711903143,439.57729297304826,4.362517860698612,10155400,0.0,275.3948683059811,0.15019905908548026,13.153453102542244,0.7259848480105463
2004-04-15 00:00:00+00:00,7.09,A,47275.13472139847,0.0,492.8611412798122,129.42862445741395,9.420795166072883,-3.2583081098079325,424.4286195955107,4.0735504175776,10155400,0.0,260.30704797897835,-2.514177785569075,13.01051918453993,0.6745855503302934
2004-04-16 00:00:00+00:00,10.6,A,47431.73462712393,0.3182947986894187,472.36485084956655,127.80861500951988,11.4025925951937,-0.8352368638371518,502.67073853752464,4.151290148787646,10155400,0.0160048675796815,224.88943875964387,1.3470904489982445,13.020273817778445,0.714675702570117
2004-04-17 00:00:00+00:00,8.36,A,47587.53596151155,1.4746099067393972,434.32708868567056,126.43047393406762,10.639874509340084,-0.808025232378051,532.9752665057275,4.316069338089958,10155400,0.0348321435840429,257.8447249567111,-1.5793710485737051,12.898616052410148,0.6677762630582986
2004-04-18 00:00:00+00:00,10.1,A,47742.4986162774,10.055305707921573,298.0453846725775,128.84294947432002,5.179167992192276,-3.9548832740282833,465.0574044228939,2.1385033085098994,10155400,12.879414756192032,223.33850762414147,-6.084529721828972,4.966580810061032,0.23582189261992
2004-04-19 00:00:00+00:00,11.8,A,47896.588967265,5.1511521520367785,347.2092481797438,129.76857134173056,6.752511701704873,-4.0888452421254895,456.043944739692,2.7061704406641742,10155400,3.19590361360291,251.7199770139517,-6.488697772568685,7.569484900256043,0.3269703661544929
2004-04-20 00:00:00+00:00,18.3,A,48049.75845100225,4.1673619470507,380.0372871276994,131.49373947099414,6.544402486560147,-5.1785572963992434,411.4364467406292,2.7809991002983403,10155400,3.095969163848113,253.28586786848197,-6.094340831771717,7.661779324789961,0.3409344765718349
2004-04-21 00:00:00+00:00,24.0,A,48201.97485728549,7.858852063577353,309.754478674112,131.12931045709982,6.159809162950619,-2.792499290101964,502.7693857756801,1.8711406446411103,10155400,11.135549616092543,186.84681985215917,-5.380137394996723,4.04294372945111,0.2046100226259415
2004-04-22 00:00:00+00:00,24.0,A,48353.18408668613,0.1140385908045936,425.1613813004709,130.4987018371846,6.165852522821455,-3.0899311793917525,489.46688019912847,2.5554831661303523,10155400,1.8512591478403664,259.5520093239134,-7.062603287980096,6.778088911883344,0.2821184040308612
2004-04-23 00:00:00+00:00,19.9,A,48503.35217831111,0.0,639.9004539121839,130.21642312458954,12.68649204518226,-4.575426233267426,366.7579147384066,3.350676280126169,10155400,0.0,310.881501201928,-5.951257965861714,9.757947764194967,0.4220779828218883
2004-04-24 00:00:00+00:00,19.8,A,48652.43616856381,0.0,595.2022883549503,129.75770437873717,10.792214696131014,-4.038779570884049,396.6209331909639,3.481405367543485,10155400,0.0,309.7245995401136,-4.402679929593603,10.247368215539154,0.4653233786365378
2004-04-25 00:00:00+00:00,19.3,A,48800.38535251579,0.0,641.806964351961,129.3052263725639,13.29998528219381,-4.146219868840075,360.4556370907612,3.4357446996864693,10155400,0.0,316.741449867277,-5.580965541134901,10.121486351698707,0.4823119372524296
2004-04-26 00:00:00+00:00,22.7,A,48947.15540830682,0.0,682.6257283007814,128.45885344208696,18.20378808259045,-3.076887087893903,356.1706240895874,3.883859103604498,10155400,0.0,320.10484155238674,-3.174832628018862,14.18338271386699,0.7439967187699386
2004-04-27 00:00:00+00:00,33.4,A,49092.7043625832,0.0,650.2347970392956,127.10544393056637,17.372256892535983,-1.4669590892285345,411.3654842310817,4.639425191904191,10155400,0.0,320.8317735825358,-0.7742722379853149,15.396336989767974,0.8025795288478454
2004-04-28 00:00:00+00:00,32.9,A,49236.98072857938,2.4793740250080445,555.1469767262464,127.62669215754576,14.04655277782328,-3.8667656685587857,388.1736452224265,3.2907360917467967,10155400,3.13520914753848,226.04048170724397,-3.372751001094798,11.073761027577405,0.4562114253106407
2004-04-29 00:00:00+00:00,35.7,A,49379.94123422011,6.564633195831662,314.47777951910194,130.6626438243013,3.82343810078133,-4.938129684545972,426.69068926536846,2.3908380463225924,10155400,6.937341356115174,233.22738908843988,-5.549150126257416,6.225020387588756,0.2668386599041975
2004-04-30 00:00:00+00:00,33.7,A,49521.52605193242,0.0,585.8630850963773,129.96988890081255,11.047550731847764,-2.946328299108301,430.1766270459062,3.2079995289671595,10155400,0.368236608376755,315.97190476766866,-5.3600770550112316,9.717033101972504,0.3506072615839905
2004-05-01 00:00:00+00:00,30.1,A,49661.6928325685,0.0,658.2902823317293,129.29922266896904,14.931687325939691,-3.261480095912196,376.4832645793159,3.864777298257297,10155400,0.0,317.11870849365687,-2.485582257219562,13.094671749946315,0.5853483860492551
2004-05-02 00:00:00+00:00,24.0,A,49800.39688084133,0.0,660.5586790819403,127.88777734287676,17.71338524909418,-1.1618695261372802,423.1043119440461,4.576415117800645,10155400,0.0,317.5922753039853,0.2762728311856222,16.182786787403643,0.834472951409435
2004-05-03 00:00:00+00:00,21.9,A,49937.57084540607,0.0,646.4264089088823,125.633011317101,19.794926372317125,1.4680671424962188,498.7476314167295,5.339589828364472,10155400,0.0,317.6370677237685,2.1252238855731207,19.47995893480652,1.06504141827183
2004-05-04 00:00:00+00:00,19.4,A,50073.17656301904,0.0,642.0269012843908,122.85664086329828,21.67528933646386,3.139086257172827,534.9275824694308,5.881856625986195,10155400,0.0,317.3127769678583,4.152241485093157,20.582362334902257,1.179438722500959
2004-05-05 00:00:00+00:00,20.5,A,50207.149684422206,0.0,575.1394026460193,119.6493880342048,20.62196598428108,5.8096401046039166,697.8367783659767,6.450451590538867,10155400,0.0,320.0594273126998,6.158589662567863,20.22989903798191,1.245060396068571
2004-05-06 00:00:00+00:00,18.6,A,50339.444944053896,0.0,601.8676052879313,116.91178876828076,20.10109942221912,4.210522872093352,598.3093014067402,6.160310750537425,10155400,0.0,325.36132834532833,4.5977079896721875,18.94896063285671,1.1760657714593574
2004-05-07 00:00:00+00:00,17.5,A,50470.01088772123,0.0,632.9746409796786,115.01598095913432,18.98518378361365,1.3563633811553293,474.1411582377765,5.324061969152496,10155400,0.0,268.4696423012514,2.7471232055515316,17.58302464849652,1.064686438408878
2004-05-08 00:00:00+00:00,20.5,A,50598.77826669605,0.0,604.9346526424748,112.67186756172666,19.459456735200437,2.983005704086523,530.6911365879454,5.483898559922503,10155400,0.0,326.7978958279785,3.380328969701168,18.19284010358723,1.0604795493997718
2004-05-09 00:00:00+00:00,24.9,A,50725.705835732646,0.0,625.672686296031,110.67549679664504,19.11692116479609,1.239949295227052,443.1105240782538,5.047150939439606,10155400,0.0,323.3180715543757,3.1475902034500223,18.33611715012472,1.0464696249153551
2004-05-10 00:00:00+00:00,24.7,A,50850.73015686225,0.0,660.333274921289,109.14196021323644,20.398867363958555,-0.0795662640256964,380.58355010597046,6.742937347777637,10155400,0.0,330.2328539910952,3.6258920846848923,18.797390805315104,1.1333688378658522
2004-05-11 00:00:00+00:00,32.0,A,50973.79700334276,4.689270406159539,368.1942482103049,110.4513558532228,8.206630939685299,-3.4095685040086945,457.1599574582074,3.697707922962155,10155400,2.785733512845,284.41679087765414,-4.80997218687736,10.93909284815345,0.5047420380892957
2004-05-12 00:00:00+00:00,34.7,A,51094.84611693795,0.6709141560986512,449.3919773141929,110.15646141620827,7.928260243128863,-3.100971671590672,442.6691045177276,2.6048055148334197,10155400,3.767973879057143,252.7787648615818,-7.204979428498177,6.353823422319238,0.3105577146454742
2004-05-13 00:00:00+00:00,37.4,A,51213.81896578841,2.6452272051716,421.8086117652623,110.1395395636682,7.605325809370001,-3.892862768405882,439.2214044716593,3.068767655200161,10155400,3.2666850731523187,288.09633925075,-6.149605501637552,7.588689453981317,0.3848217602507964
2004-05-14 00:00:00+00:00,35.8,A,51330.66353066645,0.0,637.2765413057562,109.88522613265305,13.328388040348576,-4.387224111377892,323.94818522017255,3.064481624725502,10155400,0.0,223.025463057435,-6.272033409486767,10.916524829379114,0.5499284799702873
2004-05-15 00:00:00+00:00,33.8,A,51445.32044069482,0.0,607.8409643494545,108.44505053971046,16.154097728303,-0.3706481058790579,430.4888986205969,4.419700355558037,10155400,0.0,314.5272039877449,-0.14944130344713358,16.319397424965814,0.7914297170857935
2004-05-16 00:00:00+00:00,32.8,A,51557.73203613464,0.0,558.900353985981,106.6654395142822,15.655193874515046,1.1632414976876668,503.3271783410941,4.522394205529796,10155400,0.0330010166877287,317.63221936466545,1.816266810115053,15.193114513596242,0.6897732340035729
2004-05-17 00:00:00+00:00,30.4,A,51667.83434998851,0.0,548.8467135629414,104.4305689609509,17.465798725448494,3.207943784297816,578.5093758741981,5.131061805615941,10155400,0.086143940247064,312.58090660562567,2.97343378684036,18.072622523840494,0.9094167634829096
2004-05-18 00:00:00+00:00,30.2,A,51775.57476924928,0.0,553.0579083114865,102.64883410938737,16.679359439300946,2.266958049729324,550.6945102808057,5.552741843937481,10155400,0.0,296.96632132793184,4.718866207200847,17.727648068370684,0.9458095498701858
2004-05-19 00:00:00+00:00,31.7,A,51880.893896008674,0.0,594.2350828240938,101.34265057587965,16.34422948541608,-0.2373697418748975,433.8748108201903,4.229716980757264,10155400,0.0,274.4746683157361,1.0439872622641815,16.77866189434002,0.8123596135334039
2004-05-20 00:00:00+00:00,30.5,A,51983.73563594007,0.0,535.8876374338527,99.49931908295154,16.039677908142295,1.7779000630886106,524.7237892025715,4.990574791605803,10155400,0.9835107238922745,274.83498814428947,3.800955921090747,16.801516198695936,0.8961792009791477
2004-05-21 00:00:00+00:00,29.6,A,52084.03601924727,0.0,562.4196181110582,98.22717407238356,15.016429828834331,-0.2576705541089235,446.5367503582525,4.7355652334342455,10155400,0.0,318.76731753856484,1.174138433792507,15.124515718157284,0.7572221433768942
2004-05-22 00:00:00+00:00,30.7,A,52181.74110730005,3.574085702016513,361.78378186061366,97.033113407483,10.725734506958924,-0.4315656364378589,558.9178260780259,3.998237458593088,10155400,1.83770094817884,297.3868551359135,0.2618155215727711,11.89375416150773,0.5722658104303613
2004-05-23 00:00:00+00:00,31.4,A,52276.79209133411,3.06979999252693,448.6290983828928,96.08582361779116,14.074838921439088,-0.7187573728345565,492.3135754544804,4.538697998573301,10155400,2.547226995312659,295.4739868060524,0.2762192565735404,14.624564509460981,0.6729359975606304
2004-05-24 00:00:00+00:00,38.8,A,52369.1382286023,3.031553175929764,455.9703665169013,96.02912665597488,11.328765517461374,-3.4124901491421613,418.8155213911173,3.679827780493672,10155400,2.73055308470296,313.2991745055627,-2.9374862014623773,11.096045758145351,0.4968442953967329
2004-05-25 00:00:00+00:00,38.1,A,52458.72018151513,1.0038180365513238,412.4073646265614,95.24496742295706,9.410544995629092,-1.0302636855022649,531.5131817989952,3.7571017876163855,10155400,1.9653729011655476,284.09275311949244,-1.84032447169443,12.37775071593967,0.5739274594963784
2004-05-26 00:00:00+00:00,36.4,A,52545.48756606877,0.4126735944022026,589.083837300489,94.61929485149015,13.581954667559026,-2.6116789003730823,371.6768681631826,4.12147910548422,10155400,0.0,309.43844263179267,-2.9898827836555597,13.389665441822615,0.5682834217006407
2004-05-27 00:00:00+00:00,35.5,A,52629.375555381484,0.0492360322658766,518.9712298897242,92.63341657010494,16.03720023460975,2.5381018502612327,522.808136481599,4.387946993385829,10155400,1.556802197170444,285.8437109756997,2.1371834868498354,16.624064952332844,0.6789462208547264
2004-05-28 00:00:00+00:00,37.7,A,52710.34110877703,6.87944746789961,400.2600573891205,91.2929632952766,14.675568514956874,1.42896675022471,564.182712500854,5.075087028270184,10155400,5.409883549924897,297.0457911968886,3.2498882466800296,18.02195837547299,0.8021762481743969
2004-05-29 00:00:00+00:00,46.6,A,52788.32664678951,6.471843698095896,243.989473898272,90.6686271030522,6.012779791437215,-1.3193303696191112,561.0522488886779,2.799614403183083,10155400,8.445494889576043,224.58460997451505,-2.5118273194744916,7.834031078641829,0.3310371188944344
2004-05-30 00:00:00+00:00,40.7,A,52863.28449307162,0.0,470.6509761634129,90.0171706876792,9.128034263739634,-2.0715610586287543,424.5247703655152,3.312512477052831,10155400,2.5983298175750336,290.7428564016462,-4.473291506986357,8.873125312554862,0.3994427527001494
2004-05-31 00:00:00+00:00,36.5,A,52935.16321577047,0.0,557.6818745543943,88.42976323737516,15.26958230330769,0.9069984971815782,432.4345714740556,4.710342412852971,10155400,0.0,347.5246360949894,-1.8715040571241275,14.351404579610517,0.6826016139648543
2004-06-01 00:00:00+00:00,34.1,A,53003.91233903888,0.0,644.7284134628054,86.89621774773818,19.84591566119384,0.9768435930482822,364.45433947944167,4.879759588671829,10155400,0.0,323.543888154768,0.5430387820749161,19.192715882590676,0.959671999816051
2004-06-02 00:00:00+00:00,34.6,A,53069.49217412938,0.0,635.1643199792279,84.5800112757266,22.85680530062149,4.33254662011312,449.8005575453674,5.099595314884013,10155400,0.0,301.31723058403327,3.137821604479484,21.726568210733262,1.1244547878271016
2004-06-03 00:00:00+00:00,32.4,A,53131.851901640526,0.0,642.617787391637,81.93407917474647,25.5485580458314,6.203237464209695,489.1614701429887,6.13947433755632,10155400,0.0,325.3684002120339,6.303863239742441,24.83994085978992,1.4962325761048374
2004-06-04 00:00:00+00:00,31.5,A,53190.948294688125,0.0,637.3460808191529,79.37276760416528,25.182718456657117,6.08987158978462,472.5593682296405,6.355859345107657,10155400,0.0,313.51722301029537,8.530281421233099,24.280681556319564,1.4755353437255334
2004-06-05 00:00:00+00:00,34.6,A,53246.74051062325,0.0,645.5124773609381,77.00203516773396,25.0993536522163,5.299250097922103,420.02056365992905,5.704387896595878,10155400,0.0,324.24025989739704,7.244372867613379,23.740103327311715,1.3342298755685762
2004-06-06 00:00:00+00:00,33.0,A,53299.19177959675,0.0,606.6405169269176,74.15207329888035,25.14555840558021,7.486180821334723,510.9446746303208,6.843140557505826,10155400,0.0,326.89688737389235,8.270784566887926,23.142405835608997,1.4368229804936417
2004-06-07 00:00:00+00:00,35.6,A,53348.26405823794,0.0,607.4799407975213,71.54747298477619,24.73604272271949,7.077240344247088,498.92499109255937,6.670716056060308,10155400,0.0,328.8356041760891,6.364228221247515,22.975974917692895,1.3270244153832065
2004-06-08 00:00:00+00:00,33.7,A,53393.91239810616,0.0,593.2020048300785,69.15313549646572,24.528041766815743,7.670470906476253,551.1561282007758,6.830166082493896,10155400,0.0,328.81384705782705,7.192470485512899,21.807701374407316,1.2638948893655777
2004-06-09 00:00:00+00:00,35.0,A,53436.116432120725,0.015365287724644,627.8156628953228,67.94709686506344,20.75657184638104,2.223077543492725,372.4601467236152,6.23036954124348,10155400,0.9762178888252973,312.9489792917744,5.238045469910617,20.18720694918477,1.088508686756858
2004-06-10 00:00:00+00:00,47.0,"A, e",53474.83653724047,13.174998392876535,212.1135683677653,66.99519138002609,7.216331265428964,0.4776974008272642,631.4802514763767,3.249603958906164,10155400,14.086084516406157,253.71579273088895,-0.2580529274318337,10.305553095744756,0.3799359307015841
2004-06-11 00:00:00+00:00,46.0,"A, e",53510.047230938544,0.9642661144372008,440.1809408564743,65.97916290765339,11.760308398091173,0.6891968338308468,523.6925415756732,3.706262074983216,10155400,0.6537091855296163,296.8436083229039,-1.9504753433855626,13.049784391099138,0.4642412195379967
2004-06-12 00:00:00+00:00,33.0,A,53541.71963997271,0.0,533.7835482849492,64.7426439801247,15.898903973097337,2.0554913151062872,494.3403305107621,3.8375629120671153,10155400,0.0441808266902952,251.5023104304568,1.4454013074824275,16.614526994914854,0.700237568368755
2004-06-13 00:00:00+00:00,29.0,A,53569.83493622899,0.0,589.0174707716113,62.94259239034054,20.69013802018127,4.032911680901442,490.9714135506629,5.427105753657075,10155400,0.0,323.52394905255335,4.3771284343714,19.7683833343562,0.9392680556826776
2004-06-14 00:00:00+00:00,31.0,A,53594.36756338035,0.0,602.6306220093855,61.12188695068333,22.08391816586647,4.628345856543846,497.3796485109774,5.464689903463301,10155400,0.0,322.2073982878859,4.928804852191718,22.038717081385755,1.0325282275126295
2004-06-15 00:00:00+00:00,28.4,A,53615.30225650773,0.0,621.9270807943393,59.39658734494491,22.415383605019223,3.445576706457612,440.17721621707625,5.447062745624817,10155400,0.0,330.1037254251223,4.273139968137286,21.311317318144404,1.0729949273643753
2004-06-16 00:00:00+00:00,27.1,A,53632.62034880088,0.0,579.3395175968174,57.82938095374976,19.59421483671136,3.0478081924263845,469.74039940828135,4.663940181310614,10155400,0.0,271.13859710522746,3.771477777659527,19.153345756893543,0.94192914827486
2004-06-17 00:00:00+00:00,28.7,A,53646.3068608882,7.662366798432315,326.57501834503825,56.24994798240466,14.560701560760709,3.719093895929734,725.2628487997665,3.869877025907613,10155400,9.106434852150173,242.48793127756164,3.542099096386835,17.780384436282702,0.7130270490491939
2004-06-18 00:00:00+00:00,40.7,A,53656.35762934707,3.857669251257824,434.8553925717096,54.6647229070999,19.134597780865214,4.704101791011758,674.3631099480058,4.509733042648914,10155400,5.739009081018371,289.35658771313825,3.4263556903276253,18.918123552629766,0.7296646187818836
2004-06-19 00:00:00+00:00,38.3,A,53662.75811355071,0.0016348655844586,595.2962981509336,53.08595391997035,21.599859752982105,3.829818036175973,511.8521180836732,5.815435658052837,10155400,1.1877804777237562,314.0529139393635,5.513796457484943,21.18512333996881,1.0889729619018376
2004-06-20 00:00:00+00:00,38.9,A,53665.50505559596,0.0,561.1806980817453,51.43556248920103,21.025942406456867,5.037453618601218,585.3485005350507,5.485782613425037,10155400,0.4282251810251598,309.91887137147336,6.164608530553494,20.73085421665371,1.0419034170651609
2004-06-21 00:00:00+00:00,34.1,A,53664.6018617877,1.653221915463718,445.6023917672748,50.2211235905118,17.924299026463824,3.706206420655418,632.7608888805396,4.78327485942326,10155400,2.0917176191542315,324.30332844841223,3.523439054718267,17.3237656847744,0.7305974119525206
2004-06-22 00:00:00+00:00,34.0,A,53660.03784451957,0.0,612.1702125230269,49.193286938978304,21.036834510163104,1.948571282265371,448.7419784406783,4.970530376208769,10155400,0.0,334.4776028909486,1.5698224519928203,19.45366177109173,0.9480649550750834
2004-06-23 00:00:00+00:00,32.9,A,53651.83452683282,0.0,623.016156371552,47.886030427322325,23.627129084058453,3.150310125267917,466.52699452361816,5.77622858186658,10155400,0.0,333.8892570108208,3.8415894093359952,23.14450236078295,1.387133484114926
2004-06-24 00:00:00+00:00,35.4,A,53639.97568900464,0.0,576.9974483404934,46.20100430476632,23.48535992324262,5.725164195574287,574.2565087107017,5.5849904096038605,10155400,0.234069771022098,316.85960448624144,7.2331468839388435,23.400325599391863,1.3544513188011815
2004-06-25 00:00:00+00:00,36.9,A,53624.4869429405,1.683882733184736,509.8183906437197,44.71807694870023,22.102752863778644,4.858088917019016,563.1123864881068,5.727330604813868,10155400,0.2401908772339712,318.10946227094206,7.529370342343611,22.482804955892107,1.2071345202529988
2004-06-26 00:00:00+00:00,42.7,A,53605.376790942726,3.324678140307469,423.71417929047607,43.26986446350802,20.39064619140125,4.955500227570871,641.6631031821163,4.8170495623760825,10155400,2.315554553264003,292.8117296884272,5.876575678934216,22.07767742454604,1.085257619666675
2004-06-27 00:00:00+00:00,46.0,A,53582.658279338495,0.0,542.0580723851922,41.826381985102,21.37701292723889,5.341063242365079,549.4649578627475,5.271475498371375,10155400,0.5657579612853784,305.667914989983,5.999393678806655,22.2185699282947,1.1005224456878462
2004-06-28 00:00:00+00:00,44.0,A,53556.34785814638,0.5180431392358126,536.4755411045022,40.44073519345656,22.162104173969183,4.840147622216352,537.8605162423403,5.16135550127644,10155400,2.082588288554765,293.19510784966786,6.261258381536663,22.706856387411563,1.1909263786112247
2004-06-29 00:00:00+00:00,42.4,A,53526.46605723654,4.834247431427458,287.1760868673058,39.17353193968346,14.481169148868236,4.9754000878162,814.8464973386141,4.346287692939496,10155400,3.485706961946802,249.82420570839653,6.181420444696528,19.808803312148655,0.924295144487491
2004-06-30 00:00:00+00:00,48.0,A,53493.03329809674,0.7697877347460954,527.8002032626383,37.894790228052,20.66715084848668,4.226326913538256,538.1053853919668,4.8230272149054745,10155400,0.6964019655949848,303.1080714058056,5.083940398698871,21.23967385189735,1.0655679401884572
2004-07-01 00:00:00+00:00,40.0,A,53456.08080303056,0.0,560.7420639210475,36.5551381134965,22.735773479347653,5.043950374259557,535.0639576267323,5.8455943052095245,10155400,0.0,317.2993561329852,5.451353854355659,23.113129810361443,1.3167336724732632
2004-07-02 00:00:00+00:00,43.7,A,53415.6319236245,0.0,566.7301496665648,35.29231544515345,23.10768643927416,5.036699324294354,527.642586349753,5.760805986367286,10155400,0.0,282.20638654831305,5.785888991980869,22.823388607421236,1.3842985608841454
2004-07-03 00:00:00+00:00,41.9,A,53371.7147660416,0.0,552.4315955548174,34.11155688363785,22.03485272132318,4.811521095796032,536.5056284999686,5.435734930261671,10155400,0.1728926721213769,308.26579563965646,5.913743362482251,22.096320488725723,1.2724412216125365
2004-07-04 00:00:00+00:00,45.8,A,53324.36294180736,0.0,516.293756052409,32.86884442755329,21.00541432464492,5.615940132631869,602.9753780866897,5.459600186697664,10155400,0.6743906469244589,307.64093470500285,6.022091938563108,20.857755492217166,1.0892875640268802
2004-07-05 00:00:00+00:00,43.7,A,53273.61740016555,0.0,530.2378772604478,31.778472726862454,20.88832664066995,5.013298485518256,572.5047026599706,5.8119194025065575,10155400,0.1165746129044322,322.2208146461726,5.388431072330491,21.074176006813786,1.0958514354152522
2004-07-06 00:00:00+00:00,39.6,A,53219.50376282906,0.0,591.5036955950144,30.813135640391103,23.10746699015414,3.405483799270878,456.35945322800166,5.951395863706562,10155400,0.0,328.1003087326007,5.1053716310548225,22.807888447888217,1.327505853785964
2004-07-07 00:00:00+00:00,42.9,A,53162.07254386439,0.0,562.7691050246918,29.3870458374336,24.97310349389072,6.717993927413865,570.8821605376869,7.096690733486833,10155400,0.0,304.29247017333097,8.33641453200562,25.16124074672382,1.5951876968723937
2004-07-08 00:00:00+00:00,45.6,A,53101.351042711736,0.0,537.6886592182565,27.96474647178346,24.01077763771376,7.1120420273793865,609.6948519610969,6.1567355702141935,10155400,0.0,322.76877455848484,7.653795260539084,23.250580490042864,1.2878938848845365
2004-07-09 00:00:00+00:00,44.7,A,53037.38894358012,0.0,553.5595521109568,26.611046866284862,24.783659391433336,7.131909673122031,568.1170936666299,6.279596018585076,10155400,0.0,275.4536600128905,8.698319694667362,23.85080575511688,1.4632739584223222
2004-07-10 00:00:00+00:00,40.4,A,52970.23396604142,0.0,573.8357248699509,25.371198371654284,25.592205437821683,6.18881872061824,512.3074047145943,6.80487254242206,10155400,0.0,327.614916975508,7.603919014211556,24.06298241986957,1.5354137817679612
2004-07-11 00:00:00+00:00,38.4,A,52899.926599758845,0.0,533.281636184745,23.908600668102785,26.03527379227871,8.652781828752742,643.8685165209527,6.786370016151047,10155400,0.0,324.7502112628869,9.301912271120216,24.975970340363688,1.638887178364857
2004-07-12 00:00:00+00:00,43.6,A,52826.51705701446,0.0,569.8934538865784,22.484695541787737,28.406967096785525,8.345008316619806,582.7160875675484,6.503076689345448,10155400,0.0,323.9412499747843,9.195900501557844,27.30034186299372,1.845390152092013
2004-07-13 00:00:00+00:00,44.1,A,52750.05174544823,1.29617891996972,473.9160085895423,20.971788195458103,27.54294153486904,10.56321411833125,811.6637447237059,5.8947624982998095,10155400,0.8958983486360488,275.40386276632546,12.27008482179815,27.32661174720903,1.8081581287409625
2004-07-14 00:00:00+00:00,53.1,A,52670.582984296816,0.0,511.8638488395618,19.52704930718089,26.55594134959641,9.89465105780285,732.0101996010764,5.313349060364863,10155400,3.7967331951596544,268.847219304187,11.304887644715109,26.92868941810525,1.5841481489101863
2004-07-15 00:00:00+00:00,54.1,A,52588.16129971514,0.0,454.8027394880796,18.13132302036908,24.7930074311834,10.831070241156048,868.4147343105211,5.077693263800264,10155400,3.721629431885,279.89925396472614,11.560892099985779,25.141660311272233,1.3275886958240557
2004-07-16 00:00:00+00:00,46.3,A,52502.84065325884,10.513673022417745,335.6426192047452,16.857969575907127,24.01361573527629,10.03037528021934,995.2195639603998,4.581174690622203,10155400,5.686063746260901,263.95677922670075,8.659285980412449,25.030470378394284,1.172080877287078
2004-07-17 00:00:00+00:00,32.0,A,52414.67063092568,7.628798458130978,371.5115868439073,15.621821577647852,23.053816148987234,9.724230702662815,963.1458498990633,5.361120488130983,10155400,7.890134501893262,289.97664035597137,9.38713973916748,25.19197527882659,1.1966399938396273
2004-07-18 00:00:00+00:00,27.0,A,52323.71203240818,18.026483527776666,326.3896601318458,14.384698944509683,23.749130626069093,10.029452900630988,1036.0224798857046,5.635820236330697,10155400,5.76519837100008,302.62121267801626,10.08141586746774,24.86875763306483,1.2230297170348556
2004-07-19 00:00:00+00:00,24.0,A,52230.01885903464,0.0,440.50693425147153,13.256905356757123,23.88558167438388,10.252360848850929,958.6973776054434,5.324415544786241,10155400,0.7499224606629219,294.58601449549826,10.091918345651209,24.93591654547663,1.2787925102858702
2004-07-20 00:00:00+00:00,23.6,A,52133.643165737005,2.040326790839437,425.7391929426064,12.302866081440785,24.244886665470435,9.380405149857769,902.9716177722798,5.350910550408742,10155400,2.5960372347639926,281.9138694872008,10.973900181814031,24.422116302587142,1.312031535600282
2004-07-21 00:00:00+00:00,23.8,A,52034.63875595425,1.338915020393214,463.7121866795646,11.46062395404966,24.231488478012583,7.5627662745208095,748.1676911441056,5.329391088212671,10155400,2.012977013958797,305.2266332254206,10.104296675512671,25.410093049610737,1.4842237255786817
2004-07-22 00:00:00+00:00,25.6,A,51933.07808064713,3.081654481292265,414.4726857405317,10.679742862992915,23.24236587321818,7.40965053641442,797.7346199210959,5.382060761536541,10155400,4.244193011423616,309.5448686093408,9.68473335547975,25.211703076971276,1.4877505439652103
2004-07-23 00:00:00+00:00,22.2,A,51829.001258357166,0.0,493.5892576799556,9.980684046280784,22.56757083543417,6.8241876852171055,699.5281273164459,5.586041454892998,10155400,0.9298432183661286,302.0803192623244,7.83345025148094,23.846904587457175,1.32831409471711
2004-07-24 00:00:00+00:00,24.7,A,51722.47639906941,0.0,502.5605828452285,9.265425928664412,23.1009780706761,6.823211410727796,688.3601091684706,5.523559297144796,10155400,0.0,311.83549802440245,6.2567931307253275,23.829882446050874,1.284157370552658
2004-07-25 00:00:00+00:00,23.1,A,51613.55738928813,0.0,503.7927350528294,8.521813633434475,24.13311144101869,7.557511175476947,716.1962231757693,5.300407846202683,10155400,0.0,309.2341102532224,7.133814859692222,24.876901827449956,1.48306580119634
2004-07-26 00:00:00+00:00,23.1,A,51502.3024729336,2.397235610766172,440.18015120542935,7.884312213214505,23.833811593466336,7.02507461970064,756.8669737353162,5.905988664419152,10155400,0.901841601617112,296.14739503413983,8.446536363232497,24.851611337113923,1.4599171373539084
2004-07-27 00:00:00+00:00,22.8,A,51388.77467115023,0.0,471.0185385383163,7.332446203494705,20.82935597198681,5.936533165128071,695.9529767675932,5.296652368197656,10155400,0.906849080607516,282.36328495270584,7.939548166071063,22.07425302271946,1.203493978192546
2004-07-28 00:00:00+00:00,22.3,A,51273.02321216039,0.0,511.22226549507496,6.738332473984468,22.96312248936646,5.960832383747529,646.1465233579827,5.868519205101639,10155400,0.3764738851402048,301.98822106253294,6.557146115986086,23.220108931202844,1.3148682882047116
2004-07-29 00:00:00+00:00,22.7,A,51155.11875730111,0.0,511.0583486400228,6.120304422102361,24.46794940495925,7.000411162043553,660.4557108497177,5.929659454728816,10155400,0.0279100199976334,278.5780066411162,6.997008658273103,24.593589475118733,1.5202705732041812
2004-07-30 00:00:00+00:00,21.9,A,51035.10680262108,0.0,513.5342760616608,5.543088280885792,25.9912579751158,8.23726384445097,708.7640707545535,6.473999461652963,10155400,0.000661925025952291,307.7764518940332,9.269627016444474,25.297044449555756,1.6524599444864825
2004-07-31 00:00:00+00:00,19.8,A,50913.05022374176,0.0,506.62535310032047,4.975374211540049,26.052781357620795,8.529162448179665,730.7432252902922,6.799398776416949,10155400,0.0,308.0234619841431,8.922299721902846,25.33077717388022,1.673500964623248
2004-08-01 00:00:00+00:00,19.7,A,50789.00527395127,4.388820879724208,365.6846883959394,4.488956505913222,22.99359786478242,8.939324498660609,938.5463707551726,5.83967570823665,10155400,0.0,266.94387333651935,9.72494364567865,25.392938567941883,1.566527352383084
2004-08-02 00:00:00+00:00,18.6,A,50663.03411131656,7.751078989329989,359.195658940651,4.076155084770976,23.571591809472043,7.410578752511441,870.9229655712231,4.938224224363554,10155400,8.282913823523643,245.19883441388723,8.978707956671883,23.929243859866006,1.247667657459249
2004-08-03 00:00:00+00:00,17.1,A,50535.18620514953,0.4934114275748822,476.7465189549549,3.7137983052816783,22.794373445356637,6.190870301900867,720.7696708920275,4.965880356748103,10155400,2.128712058495243,268.4378468162595,6.294448893105709,23.100559623877302,1.0795409843788504
2004-08-04 00:00:00+00:00,18.9,A,50405.52239921797,0.0503473528534122,473.3584306046319,3.312462121977689,24.15973406304149,8.133969532572415,813.9189714590856,5.573599199666076,10155400,1.755936757914054,263.1903770297753,9.404081721904504,24.143903718831325,1.2871444094280615
2004-08-05 00:00:00+00:00,16.5,A,50274.09487993429,0.2034196961159119,448.45077244825904,2.9243800134345848,24.35690700439279,9.67099192606852,933.515899630319,5.8625914518133655,10155400,0.9888445579064296,272.6139973773783,10.045970786221346,23.702769537723157,1.3004677234335893
2004-08-06 00:00:00+00:00,16.8,A,50140.95249686625,0.1858981772361674,454.4884689778045,2.59922966169062,24.19094337115642,8.963905060989914,893.1434470350406,6.1183187551206215,10155400,0.014092199409172,278.7920625733723,9.14248336408366,23.402310137067957,1.3379962337944236
2004-08-07 00:00:00+00:00,16.6,A,50006.16652080669,0.0,485.8495890404789,2.331147501663868,23.261112880620527,6.897619091158628,747.635630555633,5.798200542110309,10155400,1.0985206085111772,283.4393008198944,7.904298670222204,22.73553760704874,1.42536376193402
2004-08-08 00:00:00+00:00,14.3,A,49869.773528055,0.0,530.7513052645643,2.086360854797696,24.76898669118515,5.285892472716667,628.705042350056,5.501614538259619,10155400,0.0,282.40375777114826,6.081267178041912,23.686260747222434,1.4754348260061292
2004-08-09 00:00:00+00:00,13.5,A,49731.83924723959,0.0,539.0996698857007,1.8475950922599176,26.593315891633225,6.079306526915979,649.6287734581125,5.894799152638548,10155400,0.0,280.24434285930795,6.9620851927519425,25.443359989143687,1.667716778468644
2004-08-10 00:00:00+00:00,13.2,A,49592.40400892053,0.0,511.8745438999448,1.5848088813602477,26.790917500113625,8.036922678524443,749.9752837504402,5.990925779316179,10155400,0.0,279.1789882452732,8.7319573475923,26.01595561934255,1.8290513261072248
2004-08-11 00:00:00+00:00,12.3,A,49451.52623809726,0.0,514.5251049511606,1.3526309603504023,25.94374218208501,7.029450607066083,700.7213037117214,5.959019414871554,10155400,0.0,276.7523910458787,7.274572941475299,25.397330175426475,1.7090456279425597
2004-08-12 00:00:00+00:00,11.7,A,49309.25453154807,0.0,511.1974386077552,1.1419851685598297,25.56341151406434,6.864964023846134,687.0802323889319,5.938144927526279,10155400,0.0,273.2668521464223,8.176771434654825,24.818480801638714,1.642590218606112
2004-08-13 00:00:00+00:00,11.2,A,49165.63893700266,0.0,521.0971343747035,0.9616194649518216,26.41353200434272,6.74041736870968,670.1694405116018,5.655338438120425,10155400,0.0,264.3812388073195,8.13772915698047,25.53273214533948,1.6972007529208673
2004-08-14 00:00:00+00:00,16.3,A,49020.724739637975,0.0,501.058943498766,0.7802979181883093,26.68393043537609,8.086137910675639,753.7208867689865,4.926534742310535,10155400,0.0,252.661940748614,8.552375019085844,25.71847751771685,1.7026389990959825
2004-08-15 00:00:00+00:00,16.7,A,48874.56233181666,0.0,462.1150329518756,0.6372284929866939,25.21199851835598,8.872111150839178,843.1692540470648,4.54684204523938,10155400,0.0093635272904893,258.3456604212815,9.194787775637337,25.178540658832446,1.549290812407434
2004-08-16 00:00:00+00:00,16.8,A,48727.201393297095,3.492362755574684,327.8908638465141,0.5447823250955488,21.28058239444001,8.46728860506477,1001.0187308299912,4.595862630520171,10155400,1.6666966812270012,238.1117187759348,8.093575878665433,23.758026853047795,1.267309042770997
2004-08-17 00:00:00+00:00,17.8,A,48578.68619375771,4.299919915777868,253.1285800465155,0.4823214622311414,16.890546488951035,6.29046418015262,938.9769841267622,3.758091479774773,10155400,2.5203067389840004,204.79433387064583,6.394177177744609,19.220347522595944,0.8210173215050482
2004-08-18 00:00:00+00:00,16.4,A,48429.05625735044,4.831871963177474,267.57241365756846,0.4253487575630366,16.997112488998297,5.615494339431766,890.2830881295864,3.198547020510735,10155400,4.082275406096827,190.8178349077536,4.100902240742073,17.889156281988505,0.6107703242390258
2004-08-19 00:00:00+00:00,15.8,A,48278.36768129295,0.6207059253848911,391.13890292682447,0.3685483075752714,19.547101128891637,6.087274179067033,846.6735442688868,3.681752633767299,10155400,3.4065640128518297,235.8539955104912,3.2286967783730347,18.796203898363785,0.6654892826186507
2004-08-20 00:00:00+00:00,16.3,A,48126.65162605987,0.0005860696075714271,421.439337151085,0.3222641113428868,19.38150448033316,5.35550676886573,773.6683960027399,3.7707556767498014,10155400,1.9084943115052195,229.5377658143461,5.6584139181657065,19.69526696635063,0.876014894572728
2004-08-21 00:00:00+00:00,15.8,A,47973.96186503242,0.5648833249292008,414.479690644922,0.2770491820872327,19.858335889986176,5.16027858396282,765.0356820769637,4.333449612693229,10155400,1.9475604249397016,240.5833455323135,5.310369533365304,20.738161396623354,0.9477288784091162
2004-08-22 00:00:00+00:00,14.5,A,47820.33045659131,0.0506136389964414,456.64525301618175,0.2381988144067783,21.047699014334825,5.032867650579117,709.613834920205,4.897468316864985,10155400,0.6465483481857498,232.1420768322262,6.143861021055216,21.358376214372356,1.0746832006054925
2004-08-23 00:00:00+00:00,15.0,A,47665.804391485566,5.877452740603531,223.8138526580989,0.2244530906192701,13.15819109489226,4.1553699834677085,827.6518398229277,3.76280188977134,10155400,3.216328304079596,188.79456834985385,5.233678640839855,17.069870875216452,0.7631843893056924
2004-08-24 00:00:00+00:00,20.2,A,47510.41936623149,3.226014811974369,278.74166175697684,0.207204576929455,14.340781171585016,3.82311623183861,801.9926651532481,3.442466353794003,10155400,3.434207997810101,189.8972609727137,4.107949113266727,16.429358183319835,0.693095119599549
2004-08-25 00:00:00+00:00,20.6,A,47354.21928228963,1.2504456354418498,420.3195941943571,0.187084278722172,19.63086900093881,3.722344282519493,693.6449410670264,5.067397827721364,10155400,0.5882720810058973,225.6329643733373,4.47003176241833,19.715154929752885,0.9201750435245956
2004-08-26 00:00:00+00:00,21.1,A,47197.23674955717,2.6679962270410487,323.7580623159657,0.1779726303910938,14.878522074815766,2.50587565393484,704.4968650556491,3.69644921533017,10155400,1.8350744311707616,232.67624575758248,0.8861807635386754,16.01030095410107,0.6276338412973844
2004-08-27 00:00:00+00:00,21.6,A,47039.518252741385,0.0,470.8528215187155,0.168618320899732,15.721560923853124,-0.5310154984589892,497.2541201228968,3.3172595531252465,10155400,0.0,253.44922661243257,-2.463962189219785,15.023198311908232,0.6003644988050274
2004-08-28 00:00:00+00:00,21.9,A,46881.08766832754,0.0,504.4527046654015,0.1554483097806974,19.4881484761874,0.6205594780560254,488.69467115957167,4.134475227712153,10155400,0.8026372007837519,253.10714615532112,0.927410221726916,18.7092924623949,0.9556047423113698
2004-08-29 00:00:00+00:00,20.8,A,46721.99180477712,0.0,504.26589132436914,0.1346842320923932,21.98798177972641,2.55903417943542,551.5925869104044,4.099762319325045,10155400,6.736218439984598e-05,249.3239446240415,3.155941312810569,21.162910839402116,1.1732115418042874
2004-08-30 00:00:00+00:00,17.4,A,46562.26263870018,0.0,503.17589324700987,0.1131958634146108,23.56245946012997,3.779152716360597,594.9848639211439,4.681261297575388,10155400,0.0,247.72445645653332,5.595620239024186,22.830217896676686,1.4181889998108534
2004-08-31 00:00:00+00:00,20.2,A,46401.93631526422,0.0,497.39053339674655,0.0956509694132518,24.80328070284976,4.901195207003289,644.3975454680206,4.441017160825505,10155400,0.0,244.59118904854375,6.895002645215413,23.682243245451673,1.526851101234944
2004-09-01 00:00:00+00:00,19.7,A,46241.04434096978,0.0,483.9779575295751,0.0821640301997307,25.585345041926068,6.436670463083321,726.4987624797697,5.689562330559603,10155400,0.0,241.01328963327455,8.26533412160876,25.414860581901507,1.6899996652523357
2004-09-02 00:00:00+00:00,18.2,A,46079.61560044476,0.0,472.589371999596,0.073415988218276,23.292065307002705,5.142427452659398,681.8489571571531,5.471442137077625,10155400,0.0,218.2842197620401,8.132941207937165,22.490903679949668,1.3616927459492765
2004-09-03 00:00:00+00:00,16.1,A,45917.69091932413,0.8796144251303986,357.7764547699281,0.0673390942443367,15.586754375205617,2.8847114184721856,683.2523551418467,3.172847375744333,10155400,1.5504215866486108,205.9339556645628,2.2880311648968927,14.918602543455961,0.5296221629220224
2004-09-04 00:00:00+00:00,18.5,A,45755.29985170178,4.152145865944101,216.48320645055315,0.0624622109176432,10.36820808389253,1.4239209588218706,678.1000644743511,2.3894372027670334,10155400,4.326099326968317,179.75209308371296,-0.6941578004115172,11.87774776733795,0.3764719988086217
2004-09-05 00:00:00+00:00,19.2,A,45592.46968740779,0.0,445.4679593896687,0.0572756252447834,16.145007635817652,0.0261845031701747,530.371632679635,3.5035224463239487,10155400,0.6004757677379098,235.89529199697049,-1.618661076360695,15.780321693862675,0.6274867391429731
2004-09-06 00:00:00+00:00,18.2,A,45429.2360097245,0.0,478.7950063733018,0.0496425011830944,20.79011622845942,1.8465701099005527,565.1906112019276,3.826318613631625,10155400,0.0,234.8141423256452,1.7378874374596194,19.169903065800554,0.9538732819270672
2004-09-07 00:00:00+00:00,17.7,A,45265.62656362431,0.0,477.0516647757826,0.039877224524295,22.44173090182417,3.239700249928846,619.048844828642,4.38731699098146,10155400,0.0,231.94967128088408,3.6992868663009517,21.414560441052117,1.203252925663348
2004-09-08 00:00:00+00:00,13.6,A,45101.6726158004,0.0,473.9831795115284,0.0284977407795374,24.00113791426929,4.720410620797186,682.5649746492631,5.1996414138002685,10155400,0.0,229.0950636126713,6.301854393873782,23.11247674950448,1.416454808373205
2004-09-09 00:00:00+00:00,10.4,A,44937.402133371404,0.0,454.7635638832102,0.0161522472467748,24.188169995734825,6.240528753539699,728.2635658163274,5.092653852972116,10155400,0.0,229.4820649819188,7.7935728132077315,23.305417459208115,1.4806548162942914
2004-09-10 00:00:00+00:00,11.3,A,44772.84203204375,0.0,442.8151591365677,0.010760306151672,23.13802792502053,5.967581231442614,725.7254744594061,4.572313191830624,10155400,0.0,223.7207444052216,7.900239805864032,21.88002047863648,1.2133971947515028
2004-09-11 00:00:00+00:00,10.9,A,44608.024139181165,0.0,461.8240099754936,0.0066103974770002,24.971350326154955,6.19581398412631,713.9429388856163,4.469818557368706,10155400,0.0,222.4733072375112,7.285163485521423,23.68922959805178,1.3507641557348455
2004-09-12 00:00:00+00:00,9.99,A,44442.97446368867,1.666648577489496,324.4063214302105,0.0020273039707469,21.32853021196531,8.323742733275697,965.7720656268436,4.741350523623669,10155400,1.761779232095137,177.047708949407,8.577354192737516,21.66287716581121,1.105925282382792
2004-09-13 00:00:00+00:00,9.35,A,44277.72765938693,0.2281697509149497,372.9954205004766,0.0,17.968444245195688,4.853217629804494,766.5803336328723,3.633125665558721,10155400,2.647052617334611,213.894023779602,4.956913739804065,16.827104185538985,0.6660203619059772
2004-09-14 00:00:00+00:00,11.9,A,44112.303823997136,0.0,372.94606750514913,0.0,12.438004524270498,-0.2489887473893914,549.6158214591355,2.617724393977415,10155400,0.9494625706440886,193.02301241522756,-1.832768572505529,11.352635877686055,0.3943322748865395
2004-09-15 00:00:00+00:00,15.5,A,43946.72570668419,0.0,469.30925621413655,0.0,17.200817638852435,-1.9796327626264976,430.1088973832559,3.080909813790099,10155400,0.0,218.82644220273687,-3.8528033625615876,15.156748821101473,0.6669168144884067
2004-09-16 00:00:00+00:00,14.8,A,43781.03444299824,0.0,431.411446178744,0.0,20.40331532348476,3.356255814490358,619.837742313468,4.572600257205198,10155400,0.0,216.9887279056706,4.113968280417168,19.57800312334922,1.086875293847951
2004-09-17 00:00:00+00:00,14.3,A,43615.24366670909,0.0,412.7647485454567,0.0,22.748038921354475,6.470100594322699,762.1721200664406,5.490773327124033,10155400,0.0,214.35120690210715,7.1609042164622,21.925176482126915,1.2941052994053746
2004-09-18 00:00:00+00:00,14.5,A,43449.39253134027,0.0,360.3337389018533,0.0,20.269028312073413,6.917010353416321,864.0883498685598,5.988319402064303,10155400,0.0345406246984383,207.91467386579657,7.124502354617277,20.73131849426926,1.200970544926307
2004-09-19 00:00:00+00:00,15.3,A,43283.49951868372,7.695348707694358,225.42466276235749,0.0,13.172646651927687,2.872518337250674,756.7721080329951,3.597479381521541,10155400,4.459915036065251,165.4075898588776,4.368866998492933,14.456603585654818,0.5720401904564072
2004-09-20 00:00:00+00:00,16.8,A,43117.58973370311,5.4490787584685325,199.6047084606121,0.2001631565440469,6.249734454136916,-2.6263478507691325,506.9489793892393,1.917600102633245,10155400,5.110276608725874,141.93355556910257,-4.555249930486752,8.53191309729533,0.2849103317836026
2004-09-21 00:00:00+00:00,15.7,A,42951.69628015644,0.0,336.7894158034092,0.2001125949540147,7.410937611860529,-4.346239321025891,427.7310171787811,1.996924727946766,10155400,0.8134238845081935,178.09232667298062,-6.065375820514589,7.260503735201837,0.3107600433447085
2004-09-22 00:00:00+00:00,14.3,A,42785.83859341265,0.0,363.1851262389711,0.2001125949540147,8.411378102337432,-4.645391063235572,416.6376917891608,2.2035704836781496,10155400,0.0,187.15124058072527,-5.796270435775796,8.661662750607718,0.3725714970042127
2004-09-23 00:00:00+00:00,15.5,A,42620.05435963409,0.0,402.7874795388097,0.1256437718496431,15.149803947989772,-0.92971676425701,515.1916733580663,2.705017152230453,10155400,0.0,194.8683773964029,-3.0761901713644306,14.848706961404048,0.5831423715528881
2004-09-24 00:00:00+00:00,17.2,A,42454.35754475301,0.0,390.46773560547706,0.0299722573666454,17.339058626552518,1.803264489790108,625.2430498800645,2.8053412133958604,10155400,0.3697301761643446,181.04673216503,1.8024770896655014,16.540231933640655,0.8066470293171978
2004-09-25 00:00:00+00:00,17.0,A,42288.78259997864,0.0,424.8270487444841,0.0,19.835791713961957,1.3097859342484837,567.9564772691182,2.97346368337204,10155400,0.0,202.3124751577817,1.821327883018057,18.150336784415913,0.94343404044762
2004-09-26 00:00:00+00:00,16.6,A,42123.35609931249,0.0,413.55067059750223,0.0,19.993247962745908,2.015975828827389,604.2880957187156,3.3838206910610307,10155400,0.0,199.83553045430875,2.46307152981268,19.38531427292969,1.074542399468332
2004-09-27 00:00:00+00:00,17.4,A,41958.10677304429,0.0,389.6836768169579,0.0,19.81428421134056,3.2460755868379745,674.7693049751019,3.7010802504088183,10155400,0.0,166.6647683620887,3.9685723082300797,19.7126628490185,1.1121814517421216
2004-09-28 00:00:00+00:00,16.6,A,41793.0597909502,3.0252698775007114,308.84856152175894,0.0,18.297863004192852,3.764243710297059,736.3465625219291,3.829114700904654,10155400,0.7117075678718052,173.89642718187812,6.003988918910068,19.341243184614484,1.0768052225233051
2004-09-29 00:00:00+00:00,17.1,A,41628.23969526439,6.502606757227874,206.63580404211183,0.0,13.532865488857984,3.480261835426427,791.2738373841574,2.255890214287215,10155400,5.785549566364727,137.7210554529041,2.4329352820690247,13.946226105178141,0.5047095238316803
2004-09-30 00:00:00+00:00,18.3,A,41463.68162532806,0.0382819374537498,268.428911546827,0.0,11.132037246255235,1.551792578432963,685.1126233824816,1.968591119777617,10155400,2.3605651698958408,158.44797569603784,0.6172346461636948,10.492623538763837,0.3317659708258483
2004-10-01 00:00:00+00:00,18.3,A,41299.40734372457,0.0240851283969146,345.6868920200937,0.0,13.182249454417288,-0.2823919832767637,563.1659452885846,1.8442677750172785,10155400,1.2241668429892398,163.55537309322062,-0.4348276105855575,12.063915075716125,0.3545717611634436
2004-10-02 00:00:00+00:00,17.5,A,41135.44891766222,0.0,366.7198328611983,0.0,15.553438170220169,0.8833000459254364,606.9349102282793,2.397558884765777,10155400,0.6809224777798353,193.26051351046172,0.5888139559988872,14.474040310217845,0.5784417034579861
2004-10-03 00:00:00+00:00,17.4,A,40971.83688951734,0.0,373.7887835595141,0.0,16.25482368713045,0.8269827306221862,600.8986783257195,2.3537971368869552,10155400,0.5660840369798096,190.4603306882941,1.9693570266247207,14.819876275332035,0.6816077437358672
2004-10-04 00:00:00+00:00,18.3,A,40808.60249359538,0.0,351.6394724466138,0.0,14.769438167700116,0.490822783140136,599.2082439567437,2.323349412127378,10155400,0.7881074296900856,185.38031213485303,1.2779868550534843,14.638075958957302,0.6236667269479717
2004-10-05 00:00:00+00:00,17.7,A,40645.767533331375,0.0,356.4169338759484,0.0,15.182611521902889,0.4036721904075704,592.1713746268005,2.69150648277961,10155400,0.0,191.9689746522291,2.067740303810865,14.50584884756671,0.6400260280681339
2004-10-06 00:00:00+00:00,17.7,A,40483.37147928379,0.0,369.3305640412882,0.0,15.311247875354605,-0.3536024384114755,559.3579697527891,2.820558116261625,10155400,0.1514680941933322,193.33406962691183,0.6709060536858829,13.614625058629144,0.6634536200626903
2004-10-07 00:00:00+00:00,18.4,A,40321.44296671202,0.0,388.1658048931523,0.0,17.380604781383372,-0.143567784016742,556.5033341243546,2.795173398613656,10155400,0.0659952416094394,140.33817281838878,1.229454532446482,14.651981195425606,0.7505130190438367
2004-10-08 00:00:00+00:00,19.9,A,40160.01619224793,0.0,393.4083134903714,0.0,19.55322831373524,1.1428524533941855,603.1867667851332,3.252741814128625,10155400,0.1385866748375729,187.86920809889227,2.322809403327824,17.526976272256206,0.9106036687315262
2004-10-09 00:00:00+00:00,19.5,A,39999.11897820233,0.0,361.4917842189691,0.0,18.92293381514783,3.077792681917054,714.5864469464241,3.822329153215752,10155400,0.0,175.89079293745127,4.256376831281898,17.79259009375835,0.986316460336978
2004-10-10 00:00:00+00:00,19.2,A,39838.78798376719,0.5775595036484769,318.357515167082,0.0,14.167490666158356,0.8959341763188777,649.2566100198483,2.438649781265486,10155400,2.2741517204125143,164.15018428648088,3.878260147172682,15.452020554646879,0.7560175530121004
2004-10-11 00:00:00+00:00,18.4,A,39679.05516006278,0.0,341.89337849405564,0.0,14.065555491003805,-0.2118559567154315,582.5900318545065,2.352533197752265,10155400,0.3365294365427095,176.71954681915696,0.2908265666968646,14.581605026147088,0.5186423660669345
2004-10-12 00:00:00+00:00,17.3,A,39519.95311275748,0.0,347.02518987422866,0.0,14.801877665170055,-0.2285238579984481,575.7636480334652,2.4050418934051487,10155400,0.0,169.09856447984862,1.0779751792012462,14.089758282670346,0.5424803246175018
2004-10-13 00:00:00+00:00,16.1,A,39361.52085401283,0.0,339.3397559051031,0.0,13.789482852253732,-0.9013810605680792,551.1622942173357,2.380728327687062,10155400,0.0,179.02759816760002,-1.677375894441127,10.925550537635274,0.5074044777849764
2004-10-14 00:00:00+00:00,21.1,A,39203.79480027915,0.0,350.993023103651,0.0,15.768142725111764,-0.2710578538643738,572.7856899113377,2.888113017821172,10155400,0.0,174.23021208075653,-0.25958911893633285,14.319109886227636,0.6486369700579712
2004-10-15 00:00:00+00:00,20.4,A,39046.810861866514,0.0,326.2886055444423,0.0,14.99592472794737,0.5765916490690632,606.3792238513302,3.1236162276835318,10155400,0.0,173.64417811181073,1.0901760801016849,13.333067414088532,0.6251686524786227
2004-10-16 00:00:00+00:00,18.1,A,38890.60603859316,0.0,348.1054041286084,0.0,17.25603534446689,1.1154018501226628,604.4624476563662,3.814899040662741,10155400,0.0,174.17361048555023,1.5561114925665152,15.36336551850627,0.8551567788585254
2004-10-17 00:00:00+00:00,16.5,A,38735.21412524,5.658433058822327,172.04844474038478,0.0,10.05132037247964,2.1772360553303525,713.9554548442627,3.223884861774531,10155400,1.9980956863729795,138.70376848493513,2.48151085051029,10.804546724660042,0.5983014925939079
2004-10-18 00:00:00+00:00,27.3,A,38580.67996936091,15.418388900652632,157.3593495239609,0.1414395006690325,5.659859143884494,-2.1706198116679234,526.6886291740846,1.6171280401344528,10155400,10.51709039308901,137.1151789598133,-1.7208054050547616,5.876699549828743,0.2350004618082782
2004-10-19 00:00:00+00:00,47.6,A,38427.04566327033,20.95744970859592,90.19104856229478,0.1272509913725882,4.30567256993774,-0.0366860985449875,610.5748118290137,1.1438275066170926,10155400,17.400033255195797,120.83189913897972,-0.562673413672826,6.866056850489429,0.1253329732618294
2004-10-20 00:00:00+00:00,92.3,A,38274.34652907116,34.8153540993121,79.05896077056263,0.1158212930674086,4.631742791826606,1.0378686065613485,664.9364598337154,0.9832178900325422,10155400,43.54941826285976,110.45811925871482,1.3067668051838837,6.906438340787076,0.0934622733399844
2004-10-21 00:00:00+00:00,84.6,A,38122.62643906654,18.4545046566136,83.72975309209887,0.1078928913991516,3.3122238420843098,-0.4917911595250819,592.2467578320026,1.0226695346971173,10155400,12.50477296655054,119.46157922865709,-0.6199416301678298,5.945804770270229,0.1004087508946569
2004-10-22 00:00:00+00:00,55.8,A,37971.92593884901,7.323156247802801,102.35418404114064,1.0142024254603577,1.321853150508688,-3.221926816059355,487.7874207646392,0.7441455849444113,10155400,12.905510607138778,121.48067787005162,-6.082218439538337,2.1677529789653818,0.0631239864439644
2004-10-23 00:00:00+00:00,40.4,A,37822.2941630899,12.416904989418155,194.6811147941821,5.826824180906173,4.7173984814221415,-4.400231720793272,446.36699011441215,1.0232020339669905,10155400,5.530747945853944,108.63193503544926,-5.9005425649887115,4.947326577058448,0.1251312588519867
2004-10-24 00:00:00+00:00,60.4,A,37673.77246541132,10.054083689171526,130.33410359887728,5.417079638246933,3.904303097540589,-1.6527657850064073,543.5651235859997,0.770791426167069,10155400,6.430213981670886,117.79398330159218,-2.9940149847179782,3.1995387874762855,0.0641513768733795
2004-10-25 00:00:00+00:00,79.5,A,37526.40114695662,16.6532391000914,89.88349918999499,4.838655070995443,2.770637520635312,-0.981187241072029,569.5766209126758,0.7713272955978902,10155400,19.110801920923137,119.80306799116792,-3.5454280221112526,3.557212576227016,0.063648146881575
2004-10-26 00:00:00+00:00,46.0,A,37380.22909272057,3.5093240493440443,149.4275196106122,4.279489527033413,5.699355053093026,-0.6834862581035662,583.4611190763608,1.2085540604103966,10155400,0.9389824352781292,140.5709664886979,-2.846957530746465,5.578416004935491,0.1544869135618631
2004-10-27 00:00:00+00:00,34.4,A,37235.31078736357,7.981808458706828,103.25202491431092,3.533315229041979,5.328343083288018,0.92193397425562,657.6724968464323,1.4893477859885165,10155400,9.486150377596305,125.37595224336228,0.833789236485643,7.017321532578592,0.219392881436898
2004-10-28 00:00:00+00:00,52.2,A,37091.68208611681,9.51166631510172,167.048588181897,7.48214811751395,2.596456503390764,-4.265662268948109,454.7479308424751,0.7279070848653137,10155400,9.619006117443975,108.83823220813834,-7.617177417451842,3.8279385616697823,0.0741123837482694
2004-10-29 00:00:00+00:00,37.0,A,36949.40343167388,5.109801787828418,107.32204363476896,8.978454978104546,-0.6326849886675262,-4.85149208458898,428.2157133172241,0.6331589463637134,10155400,2.659158579605784,98.9490626664066,-8.437496898886138,0.5107774148107183,0.0590250947191025
2004-10-30 00:00:00+00:00,32.9,A,36808.518375363565,1.7551305462790283,155.28823381476644,8.810276547203802,2.9350459280914376,-2.6450187691465694,506.3659165399771,0.7050317248477437,10155400,2.044237645682113,132.69160417753753,-7.353784945577331,1.703761631260079,0.0582276002133683
2004-10-31 00:00:00+00:00,33.3,A,36669.07075909217,6.965908371817251,208.00611760597144,14.220789691206871,-0.7654789437198481,-8.824621100927317,320.89544011620524,0.9125747465182076,10155400,4.732684954753641,104.7801755944884,-10.157529406187166,1.2457502886086331,0.1195199643111856
2004-11-01 00:00:00+00:00,29.9,A,36531.12339652275,0.561572957160858,344.656410593855,14.782380967269432,-0.2606209464379412,-13.132300573562135,228.33462152096425,0.9362256132391334,10155400,0.3080030028769814,157.60799807079886,-13.28039576446298,-2.0604658579222814,0.1461920579827009
2004-11-02 00:00:00+00:00,27.9,A,36394.72368579087,0.0,388.7224813871024,14.779943755353582,7.504596722739296,-10.752932623203062,271.154729231019,1.1037639042682486,10155400,0.0,151.1424060387755,-12.261562506545317,4.308138805555757,0.2565312396247091
2004-11-03 00:00:00+00:00,27.0,A,36259.92550271164,0.0,370.15061760750245,14.539509761152685,10.238836118614374,-5.399989586494379,409.0735974058216,1.4246848732142192,10155400,0.0,148.51091525140345,-5.315515034944042,6.452929002610347,0.3467556868187839
2004-11-04 00:00:00+00:00,26.2,A,36126.77546898372,0.0,344.2164794197845,13.683660521777552,9.893136724657326,-3.641152153297447,467.6032460035436,1.7085751559313758,10155400,0.0,144.10848641309016,-4.216059407472699,7.857928812571004,0.4304240217422457
2004-11-05 00:00:00+00:00,25.3,A,35995.33656141725,0.0,366.396380942506,13.055509584634908,13.059850695018518,-4.121026840827963,450.5442791554797,1.692544777534664,10155400,0.0,149.77794337342638,-2.6159583760801866,9.714338409228844,0.5965967696609712
2004-11-06 00:00:00+00:00,24.9,A,35865.66040692524,0.0,359.9151204326588,12.100563159038863,14.202958191490229,-2.9642337680619404,491.16103725666215,1.6973225760453805,10155400,0.0,146.9190320509642,-2.1640186052651416,10.10991426345521,0.6483367580663308
2004-11-07 00:00:00+00:00,24.7,A,35737.802423285524,0.0136419384337591,353.17959766660283,10.871003918209851,14.637236416038585,-2.06742282304452,524.9899573134027,2.179621420398276,10155400,0.0368252923029208,143.9683551084718,-0.40159773317014924,11.252723239315912,0.7071075850118532
2004-11-08 00:00:00+00:00,24.9,A,35611.8150385487,2.8653311329339703,154.57261415246273,8.787485996158976,7.9994769965778945,0.9581888762533374,655.0002400939856,1.8376484920699585,10155400,2.7496020205360447,85.46415532832158,1.2598412205888394,9.381770357708547,0.3703287629396513
2004-11-09 00:00:00+00:00,33.5,A,35487.757217654,11.096391331572551,96.01232887426524,7.838362629501192,4.25741580000502,-0.0512664928682969,609.2214348662867,0.9342786893719582,10155400,10.347091446336616,95.06096652076344,-0.5235325681711629,6.628499803487614,0.1536451874834389
2004-11-10 00:00:00+00:00,37.0,A,35365.68987124688,2.9703004704109524,142.4461252654448,7.196521501444178,5.158760645395807,-0.3541466424522222,598.8459472113492,0.9990067872612466,10155400,1.8747650940549287,110.78662670537985,-2.6091392407180933,6.921744319293055,0.1860172965814039
2004-11-11 00:00:00+00:00,31.2,A,35245.66120876556,3.670029270826712,178.94068679315578,6.902110039781399,5.085886010387703,-1.727707658229559,543.3221227179606,1.048806552941426,10155400,5.077905467256061,110.1440744200282,-2.870615358468683,5.642067772402186,0.1950926252876117
2004-11-12 00:00:00+00:00,32.6,A,35127.739083657456,3.5479319452754656,191.09942789019013,7.21548157300436,4.824886685517362,-3.019723491988765,493.8762297135496,0.7826330830849293,10155400,4.742892819979361,101.96072042690258,-5.395360961942572,3.7956031988459245,0.1474231650493615
2004-11-13 00:00:00+00:00,29.3,A,35011.981378935765,0.0,263.3708803329305,7.134551619423479,4.61319107461142,-4.310427227595487,445.986997185284,0.8958508088748538,10155400,0.981607346645082,110.1369176287325,-5.645081922769066,5.585096894907906,0.189896414638144
2004-11-14 00:00:00+00:00,28.2,A,34898.43615373848,0.8624379734129419,271.48758186145204,7.981422258665832,5.75082386638963,-5.827013804313402,397.48813635046247,0.914050975356118,10155400,0.5849615534022327,132.07559202055754,-6.241049056289285,5.921617020886401,0.2542235096246639
2004-11-15 00:00:00+00:00,28.6,A,34787.16927191619,0.0,319.40073480254625,7.981422258665832,8.01876455408857,-5.962062627445121,396.0506789160693,1.1698949913137795,10155400,0.1891410209689514,133.50350982715796,-6.701637631793119,5.907503502326506,0.298658230733815
2004-11-16 00:00:00+00:00,27.7,A,34678.2331504792,0.0,311.5522391279791,7.7924579266389395,9.153883946347529,-4.433190455646897,440.09800832606766,1.088505469244027,10155400,0.0,123.52548470547106,-3.606729038533956,7.554165265970084,0.3044362298163016
2004-11-17 00:00:00+00:00,30.7,A,34571.69019641894,0.0,302.4105214932952,7.670839608051639,8.311342701076939,-4.53936442466368,437.0812982805528,1.0706130719665543,10155400,0.0,119.99230072775384,-4.933869171329434,6.331985052002324,0.2827673850789321
2004-11-18 00:00:00+00:00,29.6,A,34467.597875751875,0.0,305.2602732487845,7.667575910216085,8.110405785261266,-5.726229502910384,399.26021066723104,1.2173141183839424,10155400,0.0,130.12543353379925,-5.578175519008596,5.731280397592798,0.3676338499815981
2004-11-19 00:00:00+00:00,29.5,A,34366.01647646372,0.0054084954132178,297.40091719884424,7.672984405629301,2.18308564605348,-10.833128428156616,274.4913929851965,0.7214678498495577,10155400,0.0,97.77655237315658,-10.6935072959389,2.3965211602583736,0.1275624611197975
2004-11-20 00:00:00+00:00,26.0,"A, e",34266.999013215354,1.3686047836299216,241.77212517722316,9.041687949972289,-1.9990824887231144,-12.855395829316429,232.729026014023,0.5560953239282662,10155400,0.3422562483934432,108.54901814444452,-12.52123295197805,-1.8000978998830988,0.1144094697740493
2004-11-21 00:00:00+00:00,21.0,"A, e",34170.607627621044,0.0,286.2448335460821,9.041687949972289,1.527918045139514,-10.72042746269519,272.9929843008563,0.8952205004581458,10155400,0.0,123.0531911142754,-11.054915180798389,1.9671449692188503,0.1809930622623671
2004-11-22 00:00:00+00:00,23.0,"A, e",34076.89323459956,0.0,284.6119206983881,9.028401300790684,6.368726994752879,-6.558171779941493,374.362402563029,0.8827233689764856,10155400,0.0,121.81208357993845,-7.226697270070304,4.2573501875312445,0.2261268681408678
2004-11-23 00:00:00+00:00,19.0,"A, e",33985.914888541745,0.0,235.003645745545,9.028401300790684,0.2937649637577227,-9.2611360453638,304.42238225688226,0.7220881104279435,10155400,0.0,119.48220256992684,-10.380719548224533,-0.03461874414642807,0.1297065897722825
2004-11-24 00:00:00+00:00,18.0,"A, e",33897.73009126687,0.0,236.23871889083503,9.028401300790684,-0.0329705106285249,-9.517307229099758,299.6864147919475,0.6837389940973141,10155400,0.0060470032771675,91.99190835822768,-10.863955078910635,0.7610995059905008,0.1042219451382239
2004-11-25 00:00:00+00:00,20.0,"A, e",33812.389054268075,1.3233782872434765,172.00906060691122,8.396867518065866,3.366457534085785,-3.837014079509121,460.71295764573887,0.9500032038944496,10155400,0.7075567406404333,86.86314585628138,-4.43692996431389,4.363802244623571,0.1577928373002468
2004-11-26 00:00:00+00:00,19.0,"A, e",33729.95031450269,4.562890688866661,191.98275094261788,12.54008045900932,-0.9471316888270114,-11.093842757670766,274.7466389117939,0.6438510126904112,10155400,1.8642835065154064,83.43689008716375,-11.642873102342605,0.44007248313562286,0.0892202026848504
2004-11-27 00:00:00+00:00,16.0,"A, e",33650.46056673604,7.966085403436705,126.27624747805577,20.50608205339054,-3.711901219558428,-10.080002030845314,284.4683320535519,0.6206266554919244,10155400,14.11853029812792,96.35252181297128,-12.33795014981655,0.5563280660458645,0.0986350567223281
2004-11-28 00:00:00+00:00,16.0,"A, e",33573.976238517665,3.833083829792713,201.7671097685314,24.3390060990009,-6.464294296879278,-16.393258976653264,176.35000721942816,0.5005587820436689,10155400,6.234516039392534,56.73494735519603,-16.472686249383173,-4.604590408054719,0.0695346718898233
2004-11-29 00:00:00+00:00,14.0,"A, e",33500.54682135743,0.0,271.00704726004574,24.3390060990009,-7.151683559592366,-19.0935356941647,135.64180079531187,0.6272669571304762,10155400,0.0,120.77851956756884,-20.209159963194423,-6.450557672780576,0.118042697392734
2004-11-30 00:00:00+00:00,14.0,"A, e",33430.21854143988,0.0,301.8754708610445,24.3390060990009,-3.3886146961157104,-18.932150658128418,137.03178629451122,0.7941467258096485,10155400,0.0,115.7154595224022,-16.93105892541348,-3.907260717031818,0.1684913825609939
2004-12-01 00:00:00+00:00,13.0,"A, e",33363.0412025388,0.0,264.6252497306989,24.3390060990009,-5.912985284011066,-17.81596019167996,151.40082234772336,0.6037172292991785,10155400,0.0,111.99733588982971,-16.57396037067946,-5.573271006936352,0.1264229891042052
2004-12-02 00:00:00+00:00,12.0,"A, e",33299.05938678137,0.0,304.9393815322512,24.3390060990009,-1.949332135467114,-18.48145862663799,142.38587932324165,0.6615677129252748,10155400,0.0,115.71840562556642,-16.574071002580695,-2.8774234051551844,0.1764790541820017
2004-12-03 00:00:00+00:00,12.0,"A, e",33238.31805454239,0.0,297.4612522169701,24.3390060990009,1.3372259122075865,-14.362526350734752,201.5537845593469,0.7712547861963914,10155400,0.0,111.53151539383902,-13.638080948178697,0.15672067307156112,0.2024896755653373
2004-12-04 00:00:00+00:00,13.0,"A, e",33180.85707644984,0.0,284.20741072258176,24.3390060990009,2.7800533726130303,-11.514303440284102,253.60093281298225,1.0635635588581234,10155400,0.0,113.47450811335749,-9.757559120720941,1.7049443718440216,0.2991662131652396
2004-12-05 00:00:00+00:00,13.0,"A, e",33126.7278358798,0.0,259.1301632417361,24.3390060990009,-0.2310670091159188,-12.086642925739724,242.6292069066268,0.8664600064177704,10155400,0.0,107.25881750453472,-10.686681484100404,-1.0148594802248567,0.1834940157417609
2004-12-06 00:00:00+00:00,15.0,"A, e",33075.95623667746,0.0005698784533945859,238.7282140874178,24.339575977565666,-2.6749667738821974,-12.8465473699432,229.8332448135713,0.7277360931958713,10155400,0.0,92.20480883752336,-11.761072834208392,-2.961996996749747,0.127221672821941
2004-12-07 00:00:00+00:00,17.0,"A, e",33028.584493421804,8.98990803379834,133.38701252838572,33.010471172942594,-3.4362941662803013,-10.140150927014009,287.24544422016834,0.7313635293016164,10155400,4.737560265491228,89.8990221958793,-11.089708547795226,-0.3665756631338013,0.1166741381613583
2004-12-08 00:00:00+00:00,17.0,"A, e",32984.64516252144,16.22303949640529,97.7885756791827,41.29137770451033,-1.0408476984040962,-5.76580450552613,399.44709802010414,0.8908175386971605,10155400,16.94994960446496,82.98574076598423,-7.3113512715901265,1.6536021301516257,0.1319482177788157
2004-12-09 00:00:00+00:00,16.0,"A, e",32944.17021149382,16.391503568280495,62.22264626109454,39.58996780737539,0.965717373075278,-1.948771493950209,530.33646658904,0.8954912576870706,10155400,13.452365439876218,40.11540001770268,-3.193667064684803,1.9496377336704427,0.1259253865089107
2004-12-10 00:00:00+00:00,16.0,"A, e",32907.19608253819,2.5807142536006378,176.6118587435569,37.93903732603173,6.127970425505548,-2.069324952746692,525.6067364734241,0.8543850814533894,10155400,1.6042401970137363,97.62775499141505,-3.0320581268289857,4.915035806210767,0.1948749776391116
2004-12-11 00:00:00+00:00,16.0,"A, e",32873.742077767514,0.0,251.35597425347208,36.79160851375592,8.333335419550986,-3.2683900029694706,480.0316805306109,1.5177338439031618,10155400,0.0,103.3782238618318,-0.6690646718847688,6.974290764599516,0.4210354799354765
2004-12-12 00:00:00+00:00,15.0,"A, e",32843.83631077283,0.0,268.5125422612438,35.94321408075264,9.460718446347384,-3.9784584659434503,455.2406002376968,1.1839756442248024,10155400,0.0,104.30248131990494,-1.6588209716638858,5.950862412399033,0.3854587832404982
2004-12-13 00:00:00+00:00,14.0,"A, e",32817.50338834802,0.0,244.02514570676968,35.73366946804444,5.563625910690591,-5.514563984529797,405.2332223476945,1.170709494863475,10155400,0.0,104.46370012267406,-3.2428613694273736,5.595317166951645,0.3518153840002065
2004-12-14 00:00:00+00:00,15.0,"A, e",32794.76203846034,0.0,264.8052120697164,35.73144901636115,6.527167271480328,-6.416165722464518,378.1705058730355,1.1740785025948686,10155400,0.0,106.15069294793682,-4.491525945038063,5.070510483044131,0.3371495243684769
2004-12-15 00:00:00+00:00,15.0,"A, e",32775.62244773552,0.0,192.9545570991263,35.73144901636115,0.7664795264325356,-7.406815403991635,350.5112615107349,0.7252045531765794,10155400,0.0,96.55535935239526,-8.144547441190753,-0.278588813553597,0.1422979572007764
2004-12-16 00:00:00+00:00,16.0,"A, e",32760.11520784036,0.0,275.70260176867976,35.73144901636115,1.9161411047434076,-11.86584510964842,249.73535043494476,0.8373802290512042,10155400,0.0,106.95507160697008,-11.183572550078566,1.3708845138498873,0.2420305330975248
2004-12-17 00:00:00+00:00,14.0,"A, e",32748.235435597115,0.0,263.5348574000233,35.73144901636115,2.920014469880455,-9.550508894106471,296.52121672326183,1.1052667999589012,10155400,0.0,101.66765144151262,-8.722998767953413,1.9229313646744686,0.2988831840121266
2004-12-18 00:00:00+00:00,13.0,"A, e",32740.001244573607,0.0,272.516391104438,35.73144901636115,4.424354887330505,-9.001201194528594,309.7018473043603,1.009419844238958,10155400,0.0,104.43820531640256,-7.925321868487515,2.9256729353112405,0.3050370862110401
2004-12-19 00:00:00+00:00,12.0,"A, e",32735.4138638214,0.0,273.572285064985,35.73144901636115,5.879968351612871,-7.78288037066758,340.6818645637347,1.1740351781911889,10155400,0.0,104.40548102311658,-7.03193632734974,3.7271315385812045,0.2925433452892254
2004-12-20 00:00:00+00:00,11.0,"A, e",32734.485715836832,0.0,269.915033286025,35.73144901636115,1.3681804208810922,-11.758888999027295,250.8183503489477,1.0844902167477948,10155400,0.0,102.501245543579,-9.404307658284722,0.8474597368789318,0.2064979203987606
2004-12-21 00:00:00+00:00,10.0,"A, e",32737.21114371145,0.00041806655160459466,263.7793243527348,35.73186708313549,-3.183955141981317,-15.49878579854424,185.0277111436832,0.6433697337042564,10155400,0.5197018817934652,104.203740258169,-13.695105384986789,-4.500995826638928,0.1296097221218052
2004-12-22 00:00:00+00:00,12.0,"A, e",32743.58820011169,0.980518558762089,212.3652690191132,36.71216350985621,-8.434084941970783,-18.304442343237977,145.81440876554151,0.5164014536165333,10155400,0.960852436512297,97.74118615424226,-17.012554991366756,-7.736234382096427,0.0844359955466875
2004-12-23 00:00:00+00:00,13.0,"A, e",32753.61307803443,0.2118906730097756,219.2403909943833,36.92410021461429,-10.042911277577227,-19.07002581072217,137.00520610178887,0.5158567019538984,10155400,1.6755040725546797,104.33553794311806,-17.84182048042493,-10.147580298183243,0.088450467887717
2004-12-24 00:00:00+00:00,13.0,"A, e",32767.28014269519,0.7410822552114716,246.63901101086287,37.6652193617917,-1.1452587650262134,-13.719542191151792,212.05364856714945,0.7768344224199283,10155400,0.1104801290063117,103.5230828659616,-15.886303180490756,-0.40060462092111493,0.1662336880272663
2004-12-25 00:00:00+00:00,14.0,"A, e",32784.57291859815,0.6728049518907104,276.4354669767114,38.33813965195232,4.714929843147984,-10.950653054190123,265.577937786417,1.185003303804021,10155400,0.0,104.10050885943726,-8.407521917510735,3.662484598636638,0.3066346321088934
2004-12-26 00:00:00+00:00,14.0,"A, e",32805.48399911958,0.0,237.33769671064337,38.26107258852265,4.012570276693155,-6.832770453998437,367.4243879547877,1.3432628965469606,10155400,0.0,101.12825138806107,-6.359840144414079,3.1960750827922197,0.3271469664638305
2004-12-27 00:00:00+00:00,14.0,"A, e",32829.9896424355,0.0,129.35579377549416,37.29974434248888,1.518317684310993,-3.670289926076729,467.9719356569321,1.1220286137530444,10155400,0.006899926602896,89.59377315841742,-4.470194313171078,2.989260973939224,0.2856658373004408
2004-12-28 00:00:00+00:00,14.0,"A, e",32858.0787817612,4.39306532293862,123.3773830176074,36.15385511616439,2.612454100717171,-2.9598850774344743,494.57937125316056,0.9887865697306082,10155400,0.0729469550218307,70.63207272638431,-4.834284605172684,2.5643848898455417,0.2215134074551232
2004-12-29 00:00:00+00:00,13.8,A,32889.73431534709,16.397038267509085,81.12752426019901,38.594326985354414,0.3852867953414882,-3.6424220983508064,471.5355047361245,1.0845258617285252,10155400,30.46122829900683,78.89081474716325,-4.649035659878734,3.6936698194919018,0.1730219624238996
2004-12-30 00:00:00+00:00,15.8,A,32924.92009889494,11.209745448146052,57.53515235452748,41.928517943884,-1.7373982574161904,-4.392797554459017,445.12044719232273,0.9462597486632482,10155400,8.307592241757996,59.7434235478416,-5.96755570258432,-0.4488042740437095,0.13786070341341
2004-12-31 00:00:00+00:00,14.7,A,,,,,,,,0.9614902847445798,10155400,9.900962812922351,86.8460833249238,-5.081188076870717,0.758094344118831,0.1464277972898358
2005-01-01 00:00:00+00:00,14.3,A,32963.79372412921,13.08509787600804,172.91877802714154,152.34845029014167,-2.058134088618804,-10.366356373670016,279.4612225286478,0.6486691253960458,10155400,12.316729815627328,75.58694236230141,-9.669387560815323,-0.916120224497945,0.0988199164314155
2005-01-02 00:00:00+00:00,14.4,A,33005.99074266971,3.113820358262469,217.13507414491943,155.46234794829218,-2.0141922960854184,-11.472919039368309,257.20371484701457,0.6442586422886647,10155400,1.5065270371525938,97.3121449803448,-10.341092869757347,0.7997203082970259,0.1200308639897281
2005-01-03 00:00:00+00:00,14.2,A,33051.63711751878,0.253041350490241,221.92408015894463,155.6142489888404,-0.1807967476945724,-8.078637301934162,334.2426855290429,0.6420182397273552,10155400,0.4707314628471479,92.596723144116,-7.737840733817791,1.8938303386137818,0.1268321087655902
2005-01-04 00:00:00+00:00,13.9,A,33100.69884540319,3.0974515533813127,181.7492038171848,158.43121685016092,0.5003821168118043,-7.098699178549526,359.2813496637346,0.5973238063129341,10155400,4.540840235878188,92.27904977282276,-6.916935312153157,1.6606415619408494,0.0975994238435241
2005-01-05 00:00:00+00:00,13.7,A,33153.14051954561,5.616284815733194,181.71512325859752,164.04763031201514,-2.98229367217858,-11.399476678717663,256.28426144389715,0.527910513600242,10155400,7.738514968156122,97.85058069505726,-10.822100396013127,-0.7298945675545951,0.0860682991736379
2005-01-06 00:00:00+00:00,13.3,A,33208.92429103124,1.977474478855438,244.7287172499356,166.0253597163859,-4.866358599196476,-15.576166980828615,187.18405260522783,0.4601655898180411,10155400,2.0465119826050526,68.634831212699,-15.484566492371584,-4.458807722782865,0.0634419016315677
2005-01-07 00:00:00+00:00,13.1,A,33268.01649363156,5.666331904066946,259.9559821487328,171.6916966277991,-5.316735797062576,-18.911859850681758,137.3041902725218,0.6542774823304439,10155400,1.1998134368568691,110.56709341332846,-17.032599564356474,-2.970637540180917,0.0951020606891107
2005-01-08 00:00:00+00:00,12.8,A,33330.36720087058,19.100031730639675,172.45071878110065,190.7917755679592,-0.4771145176581049,-8.244183358396645,329.5931777804927,0.7141462623268354,10155400,19.44095436076028,94.47966027316046,-7.412389887159236,1.6415423522960282,0.0899611403978345
2005-01-09 00:00:00+00:00,16.7,A,33395.9375733193,28.40431670329105,81.90391993044169,188.99694264006143,1.650129296216634,-1.7264574183690626,540.5781240619998,0.8070340430160894,10155400,20.556345671842102,93.1667325998843,-3.3508755018096963,3.6225194547907336,0.1064580473665963
2005-01-10 00:00:00+00:00,33.0,A,33464.681878851254,34.66711828889277,77.05896321406645,186.8316830763881,2.26469449018427,-0.8448816201549659,575.6012137079672,0.7331687716820706,10155400,30.21787790257193,88.49150354772492,-2.3374114118471994,4.504986298536153,0.0999266710579909
2005-01-11 00:00:00+00:00,40.9,A,33536.55536840715,24.50620385055968,172.69357678000168,196.5249742820359,2.64216817909763,-4.8091765665051405,436.6466491805599,0.6463008305161265,10155400,23.61878263739942,94.37552929438408,-6.233210575989119,2.792478011410367,0.0835889201304265
2005-01-12 00:00:00+00:00,44.8,A,33611.50537559604,2.021954434682024,276.07586353678585,198.54695328459457,-3.590742308029145,-13.933818327515947,210.56871793177692,0.6940621116218288,10155400,2.271028609555057,109.7585672618672,-15.379126951411536,-2.433010981130451,0.1009518197749639
2005-01-13 00:00:00+00:00,21.0,"A, e",33689.48334770907,0.0,329.31946723610986,198.54695328459457,-2.5316579823641905,-15.419605168277563,184.2964646854385,0.9302509231237605,10155400,0.0,120.15232751983253,-16.576136011056974,-3.2432172546497213,0.1478388806628057
2005-01-14 00:00:00+00:00,18.0,"A, e",33770.443369167115,0.0,331.09426158879296,198.54695328459457,-0.2973732892343708,-13.009419385794716,224.69140020238763,1.1762248755658762,10155400,0.0,114.77180860373876,-14.320910952218867,0.21714797881185177,0.2296215011481167
2005-01-15 00:00:00+00:00,13.0,"A, e",33854.32895661436,0.0,301.05875891408255,198.54695328459457,2.575668846753044,-8.058214269449348,333.4654722103505,1.0298290756331472,10155400,0.0,111.78921629313948,-10.457376247898992,1.4752674804775552,0.2113145630180645
2005-01-16 00:00:00+00:00,12.0,"A, e",33941.08270886533,1.211372649072978,242.6864592458585,198.37509806220987,4.2457381483537056,-5.025867122288529,421.1641069876943,0.7211259908808575,10155400,0.0,74.48275342910767,-8.592668194627834,3.653580551729817,0.1360459388524731
2005-01-17 00:00:00+00:00,13.0,"A, e",34030.6608952874,0.0,302.2147444236939,197.9139560786215,4.858197297952688,-5.485840412200562,409.9336146468782,0.7111557735687567,10155400,0.0,121.30000895665144,-7.508270214965137,3.0492200614181684,0.1448609146453668
2005-01-18 00:00:00+00:00,15.0,"A, e",34122.99990749699,0.0,332.56522718218685,197.6784405060066,6.286658842961671,-5.947645761381116,393.4445071391296,0.8026433285376875,10155400,0.0,117.6915072352581,-7.578751667366475,4.415229984774157,0.1664951619003994
2005-01-19 00:00:00+00:00,16.0,"A, e",34218.04868230308,0.0,357.3422416432524,196.7843412086756,10.692118488595236,-3.87171530464226,458.7529946670524,1.0475363649027385,10155400,0.0,124.2204346425902,-3.564534139580644,6.518375770805164,0.3060274001221721
2005-01-20 00:00:00+00:00,16.6,A,34315.75044764629,0.0,369.33388519131785,195.6937113914675,12.413563890435436,-3.403765566209677,475.4192355319569,1.5298478760319452,10155400,0.0,123.50083601872468,-0.744243366220303,8.266267258829032,0.5208605099433193
2005-01-21 00:00:00+00:00,15.9,A,34416.044956879494,0.0,362.0969779772626,195.30219254682396,9.33316865029373,-5.067247735427408,419.2067615004399,1.1503043610663766,10155400,0.0,127.22850389427386,-4.705374653498495,5.481349403963918,0.2880785952544238
2005-01-22 00:00:00+00:00,14.6,A,34518.87703205701,0.0,385.32832190943526,195.2822055265434,10.45172068786998,-6.53724630377533,374.8271186164502,1.3183664461671918,10155400,0.0,132.0598947246545,-5.014516803034155,6.500171663461913,0.4448191523154973
2005-01-23 00:00:00+00:00,14.2,A,34624.18969387867,0.0,380.4896843544556,195.1457512171927,9.98798521300753,-5.750264918561922,398.0959979565831,1.4542106708930125,10155400,0.0,133.30191365472396,-4.3092652529755355,6.550970019958527,0.4799351624404959
2005-01-24 00:00:00+00:00,13.9,A,34731.92689114996,0.0,391.7763380207918,195.1422515504989,10.140939045712852,-6.797764339756053,367.4373370189327,1.4182275925201724,10155400,0.0,133.34930069782314,-5.243667619201858,5.9732019584837985,0.4433022865302344
2005-01-25 00:00:00+00:00,13.7,A,34842.02576444335,0.0647291451981207,368.7577549316436,195.2033086578837,6.519409415937393,-7.238823071161128,355.0829481179562,1.1233065275633909,10155400,0.0,130.95634032646973,-6.623704309836739,4.5260470689572685,0.2670658754284056
2005-01-26 00:00:00+00:00,13.3,A,34954.4300267885,2.862961636487785,275.98099860958945,197.44591083461205,3.915293956522616,-6.473492655696497,376.66918921117207,0.7734196453224892,10155400,0.0,116.655267395001,-6.292571208685445,3.9668929837892506,0.1328734211148547
2005-01-27 00:00:00+00:00,16.4,A,35069.077669185834,1.5371380179868896,161.8577957012693,195.96988141731185,2.4511539625038905,-2.485200490414186,509.6511756679157,0.674724096417594,10155400,6.059634143934472,97.13584962226408,-4.145397244553294,3.48465930275745,0.0908599546829162
2005-01-28 00:00:00+00:00,17.9,A,35185.919791809254,0.0011289627933443,257.8359024028755,195.2358611697942,2.9046008007337702,-4.45719374254214,443.2955220370522,0.7525776885253145,10155400,0.5988953777442296,113.02756610962771,-6.209089583947275,3.0155906234082863,0.1044009280451636
2005-01-29 00:00:00+00:00,19.4,A,35304.89268043861,0.0,316.1781476218884,194.6172677099967,3.943793734192518,-5.603893663847583,411.4277708399224,0.7588558623815469,10155400,1.3837358303636855,116.07529766664696,-6.383346506097553,2.413621106198889,0.1184477117780655
2005-01-30 00:00:00+00:00,20.7,A,35425.937255224,0.3309543958666175,295.1903626144117,194.89582916562256,0.9005064422304405,-8.107760529853667,334.9600187884552,0.808125491507799,10155400,0.8500473234130564,131.19913502241076,-9.950754796682475,0.8690998963325001,0.1132024360478085
2005-01-31 00:00:00+00:00,16.3,A,35548.99753598504,0.0,391.1383769060176,194.8941594565881,0.657350582580961,-13.082819526903863,229.27906975822864,0.8943862316412464,10155400,0.2896760416492165,145.70778462098866,-14.050542118555029,0.763330271087284,0.15914320901182
2005-02-01 00:00:00+00:00,14.0,A,35674.01539541313,0.0,369.5723523766306,194.8941594565881,1.0054086705926943,-10.94540923776648,266.65005221217746,0.8802980864950093,10155400,0.1517401278199067,129.90447304829877,-12.277910292655406,0.7008898922186404,0.1466886806624003
2005-02-02 00:00:00+00:00,12.0,A,35800.94049216832,0.0775155875451134,410.1900361099069,194.9716750441333,2.738912796559932,-12.758763698491618,229.36327378106037,1.0016677666895577,10155400,0.0,140.91709850647996,-12.963416194189108,2.495869513892046,0.2080702190107218
2005-02-03 00:00:00+00:00,11.5,A,35929.71011838702,0.0,426.09711352087976,194.9716750441333,7.622323436397409,-9.765535033737423,291.407224656352,1.462040181480438,10155400,0.0,152.028779837702,-8.2427746272013,5.856513504307998,0.3500923981026226
2005-02-04 00:00:00+00:00,12.0,A,36060.26462322356,0.0,413.8488100931896,194.9716750441333,7.140944490616664,-8.705565214244768,316.93463566027896,1.3683654652241828,10155400,0.0,155.02223517750227,-8.901340159856488,4.59737244709396,0.3329899882615116
2005-02-05 00:00:00+00:00,12.9,A,36192.56074581556,0.0,403.89753988028247,194.9716750441333,4.144838455724341,-10.292919777057982,281.93303095142755,1.19954763673646,10155400,0.0,151.40698825801994,-11.689214069078673,2.757782621568083,0.2261806608353107
2005-02-06 00:00:00+00:00,12.0,A,36326.52826688718,3.0134786973537704,361.4547541176547,197.9849795656512,3.571463270465532,-11.159997961355176,263.13102259500926,0.9572991214476024,10155400,0.8542930516469246,140.43326285228383,-12.967197178146137,2.2116606286882643,0.1634968378157174
2005-02-07 00:00:00+00:00,12.1,A,36462.12837334388,8.729531867069928,261.8228100105373,205.0440170894416,1.1784164070040597,-9.652159739318044,304.1795970398088,0.9148417926130646,10155400,11.779047080789566,145.83958051833935,-10.479311908283364,0.8675710173545781,0.1225615347318857
2005-02-08 00:00:00+00:00,11.2,A,36599.30372585992,0.7895166464769167,398.18605889241127,205.83361604922533,-2.100227749919429,-16.690648035325204,165.95895575916293,0.8585754701045651,10155400,2.539693918922921,148.96476955578515,-16.3293196640804,-2.077611652457449,0.1231806178000729
2005-02-09 00:00:00+00:00,15.3,A,36738.00291710441,1.3401856136380257,423.611744142304,207.17377392814552,2.3351415306128294,-16.470195576727733,168.84577235148618,1.1696542677317614,10155400,0.0,167.3698810922322,-15.761687301018867,1.853758398808509,0.2413836113972621
2005-02-10 00:00:00+00:00,11.7,A,36878.165195535,0.0,431.3842520790581,207.17377392814552,4.742088281162745,-11.629290526383604,251.15616462192227,1.435333983523404,10155400,0.6269981941283013,158.70229586686108,-9.959620699870982,4.498329594807046,0.3436223694222026
2005-02-11 00:00:00+00:00,11.2,A,37019.74832545957,3.553963608017113,293.0582032101313,210.710794075136,2.5086489861057544,-8.54527943811462,321.6589365872374,1.6819563549945007,10155400,2.531130468691066,140.92363327834278,-7.10526979205639,5.914163243647238,0.3062301138656044
2005-02-12 00:00:00+00:00,11.6,A,37162.70587880949,4.331324387448076,218.78568294289445,211.0684770556073,3.206391469274375,-4.810648462851716,429.1714477763489,0.9647383255851164,10155400,6.568155695721776,121.77150316298383,-5.688534578674364,4.755961611708187,0.1137266521222296
2005-02-13 00:00:00+00:00,12.9,A,37306.97843047303,2.5990104418934634,338.08762600075204,213.52043663416887,5.273829053361261,-7.955634739204738,336.8769832317303,1.1537232801762862,10155400,1.0048584094886668,141.83071844465084,-8.820151101494673,4.187594915259467,0.1505578823024422
2005-02-14 00:00:00+00:00,30.3,A,37452.52427919312,10.72213529717355,161.58560398055425,212.04805065951288,3.687139025777143,-2.349492737953219,517.1858201189551,1.2709746744747286,10155400,4.762658576093858,126.56939282470688,-4.950677499422966,4.22398743501094,0.1675455306611308
2005-02-15 00:00:00+00:00,25.5,A,37599.294035147774,10.021917642362808,313.03866204435883,221.88385300496037,0.8643292426057156,-12.80283603674774,236.8397397750628,0.9769251134733844,10155400,8.127583127590075,146.08781833182704,-12.799963048962468,1.1219115881678476,0.1315663349349104
2005-02-16 00:00:00+00:00,17.4,A,37747.24352780052,2.4306092463995603,366.487595693592,224.3145053492739,0.4584485832784614,-14.055442232233492,206.70211511434988,0.8952239981324769,10155400,0.3122467554820594,102.2574450138832,-13.182245397134466,0.924540123630436,0.1625547353284274
2005-02-17 00:00:00+00:00,11.0,"A, e",37896.319849664615,3.139638971186145,409.1080839051725,227.45432804218888,3.236806669054014,-16.019174450892315,175.60546690797636,1.2947911312422091,10155400,1.9839101856931955,176.25147365867602,-13.475970509954891,3.6449901315616557,0.2573570680898637
2005-02-18 00:00:00+00:00,13.0,"A, e",38046.48729878044,3.931628949934381,331.8880953800004,231.38577812336024,2.9031650398788558,-10.152428377870717,282.5617575659855,1.3792825760204066,10155400,0.1671959985843333,136.89504010133044,-7.6319248163941324,6.075475247503732,0.2414253311959401
2005-02-19 00:00:00+00:00,16.9,A,38197.69686779625,5.868620602793451,166.17694267843436,230.28705227467285,2.5769368954821887,-3.3608063516923274,478.7890119143171,1.071756628659662,10155400,10.162871120775977,117.60544693864024,-5.793896113931339,3.571842648181132,0.1256520889695759
2005-02-20 00:00:00+00:00,29.3,A,38349.90586910181,8.338419445779893,210.4363530787556,234.610580294068,1.10678042145067,-6.240753907260442,390.5943204176963,1.2048413526662636,10155400,12.414232009908696,151.7467751950298,-6.943818484946917,3.2677621893873834,0.1507901639553451
2005-02-21 00:00:00+00:00,21.8,A,38503.07686503387,3.260212060794078,335.347571563924,237.31985139226225,5.365743880229554,-7.231264840375152,357.4774745383422,1.2031113939472655,10155400,0.8057269318516587,144.1029336283961,-6.84268404264094,3.711042323322374,0.1755068544803666
2005-02-22 00:00:00+00:00,17.3,A,38657.16306175916,0.0,395.0768250461611,237.06539533947128,4.194230027191223,-6.651650119156164,375.6300561291679,1.179116805994425,10155400,2.5244903241440837,146.42451573683434,-7.279218873674324,4.697114959741384,0.177089942571629
2005-02-23 00:00:00+00:00,14.9,A,38812.12419473842,0.0,477.91600308001495,237.06516159443493,4.917786845464777,-9.773302216383172,292.80602362212323,1.6302882228289934,10155400,0.6434245299908943,184.1507117392997,-7.959852168404495,5.2858995499764205,0.2645059757061888
2005-02-24 00:00:00+00:00,13.2,A,38967.92167732618,0.0,517.219823557628,237.06516159443493,6.111089237993566,-11.629121593613922,251.625307071117,1.7803226782953605,10155400,0.2206858179691113,190.61782277761128,-9.085538691845898,5.1578973383047355,0.339764100345179
2005-02-25 00:00:00+00:00,12.1,A,39124.52099437618,0.0,520.0057186087396,237.06516159443493,6.640352135740737,-11.308801040233366,258.15770598579803,1.5616858080857978,10155400,0.0,196.6020684027457,-9.028655902653156,4.618629045313298,0.3124132269720088
2005-02-26 00:00:00+00:00,11.7,A,39281.87639935548,0.0,477.0689080950972,237.06516159443493,4.795030212664981,-9.969209696843707,287.4265015431315,1.576992384652948,10155400,0.1108467765445916,194.92674260992516,-9.458909060564736,3.914329027084989,0.2705149177855684
2005-02-27 00:00:00+00:00,10.9,A,39439.958814018726,0.0,507.3894007111208,237.06516159443493,5.038373910061499,-11.773207000748345,248.8865346851966,1.6883798248997497,10155400,0.0,201.6439070067146,-10.986157472493119,3.813843938569164,0.3018253568715231
2005-02-28 00:00:00+00:00,10.2,A,39598.72446410787,1.3092774735440773,444.5091846899484,238.37443257693,4.921690019681533,-10.550838822981014,274.89368741083257,1.606965952622961,10155400,0.0,181.3685628003408,-9.872016855076936,4.825019047306,0.2624341114220581
2005-03-01 00:00:00+00:00,10.0,A,39758.14385695105,0.0,425.643474225819,238.24078880539875,2.9758896572683917,-9.051985525254931,315.8619208920612,1.7480533767879638,10155400,0.3841456675908117,200.55127783615407,-9.034215128114397,4.0642193505071305,0.2658278633624672
2005-03-02 00:00:00+00:00,9.52,A,39918.17885872125,0.0,533.4081053174233,238.24078880539875,7.433522094183028,-10.93103424570392,267.09552109663935,1.9763433210614283,10155400,0.1941095370690732,193.81619849913724,-9.963804186365167,6.0605230059996416,0.3870768891020842
2005-03-03 00:00:00+00:00,9.15,A,40078.79440961655,0.0,493.2239435460641,238.22004044509785,7.575508678912222,-7.827098759610223,340.97041765704216,1.8602242656150505,10155400,0.0,193.0886505866875,-6.189689602596616,6.412082645489647,0.3923651037719224
2005-03-04 00:00:00+00:00,8.65,A,40239.95962087687,0.0,471.92355793189233,238.02894711894584,7.800426676794064,-6.226227803160596,385.3190755066808,1.692125059721057,10155400,0.1452529283558212,197.36299699634893,-7.899088299675441,5.694221155510547,0.2926623661332481
2005-03-05 00:00:00+00:00,8.23,A,40401.63837913077,0.0,500.03565159059406,238.00898867301396,7.952186752286968,-7.288059050618762,355.0206184316228,1.9020058824617931,10155400,0.0,210.3518959251201,-6.234129167658466,6.9887853646478675,0.3526756631592352
2005-03-06 00:00:00+00:00,7.89,A,40563.79985808195,0.0,530.7996173858576,238.00898867301396,8.640421725565345,-8.568327547381047,320.38144353287623,2.4432956068095124,10155400,0.0,218.1899127944746,-6.169822514515715,7.898739118329502,0.461071547789091
2005-03-07 00:00:00+00:00,7.54,A,40726.42327854724,0.0,443.8202398769293,237.1826396790504,8.65414231119384,-4.032131652085681,453.9748666468053,2.439034914378289,10155400,0.0,209.30563361866427,-5.967929250618113,7.652424875611246,0.4310352134175036
2005-03-08 00:00:00+00:00,7.44,A,40889.45773748049,0.0,409.2643059132156,235.8923170690732,8.221663651034646,-2.927723294158862,492.8147554374663,2.755899891360788,10155400,0.0,217.2571174987007,-3.167650204319557,7.772364585144203,0.4634087849352977
2005-03-09 00:00:00+00:00,7.86,A,41052.88561723359,0.0,497.63872044261177,234.570165886483,11.915055208972248,-2.849319563812056,495.654049437048,2.789199134232175,10155400,0.0,222.17474045345068,-3.096486604387394,10.714162941319728,0.5763815280844694
2005-03-10 00:00:00+00:00,9.15,A,41216.66711790271,0.0,495.2558717722315,233.77574783876287,10.338943569735726,-4.108459184945803,451.0042521844,2.6716242899194715,10155400,0.0,224.47360363140885,-3.2768750046876676,9.443009822744102,0.500842976766079
2005-03-11 00:00:00+00:00,9.54,A,41380.78437650288,0.0,542.1126212423277,233.4333829425841,11.497207881499152,-5.19579591002995,415.2735421815066,2.6715784809762613,10155400,0.0,229.64936737666957,-3.872408599964217,10.208449131127281,0.6047368709502818
2005-03-12 00:00:00+00:00,9.49,A,41545.20747116609,0.0,517.2994217986846,232.82069464214564,10.403127627094404,-4.672967800585498,433.1899080875784,3.201851035403008,10155400,0.0,230.61110773590363,-3.120407300434181,9.077389528115248,0.4955801720562465
2005-03-13 00:00:00+00:00,9.37,A,41709.89807532924,0.0,465.6534496515536,232.80781696367595,2.4699251194640306,-9.628512930978529,299.7906310990558,2.096044206650084,10155400,0.0,239.5736078694726,-12.26952842118419,4.133043356287203,0.313726161563748
2005-03-14 00:00:00+00:00,9.01,A,41874.83061796911,0.2102856176656051,495.5116166460784,233.01811896612256,-0.8853084136749246,-14.131396029544694,208.5525376179407,1.694006223764837,10155400,0.0,229.9806301411477,-14.355778273492604,-0.7590610976339462,0.228769210339101
2005-03-15 00:00:00+00:00,8.85,A,42039.98548687871,0.0,539.3492299576565,233.01811896612256,2.364890866769299,-12.814494361669048,231.0280870144985,1.6161474882128108,10155400,0.0,219.97463082717735,-15.408558038985461,0.7656136509453972,0.2190139710777185
2005-03-16 00:00:00+00:00,8.74,A,42205.32932728584,0.700089776995804,425.3514159489819,233.52063003453267,5.066977762210741,-6.80571027711402,370.15230620240607,2.320762442988996,10155400,0.0,230.07488363337896,-8.02505043654395,4.4381040306814725,0.3263823401779301
2005-03-17 00:00:00+00:00,8.49,A,42370.83144718556,0.5515987243082383,267.7876849718511,233.3204156762499,1.3085604099298735,-4.975847151936326,429.2779905253567,2.390346996068592,10155400,0.812072522799531,152.3795455516712,-5.911926875384893,3.7015750168832255,0.3304084723006333
2005-03-18 00:00:00+00:00,8.23,A,42536.466733514186,0.5397385901848649,476.7802947823561,233.18881872440843,4.924837713241051,-7.597802328515493,350.69156804278293,1.9322775375796828,10155400,1.274295722389034,197.95838400247965,-8.546062924035141,2.9071205680872936,0.2654140766289398
2005-03-19 00:00:00+00:00,8.22,A,42702.211596092005,1.5414763458784808,456.1091451992588,233.80963560847636,7.655130058948617,-5.387703024276578,411.8921832609741,2.3657027684494745,10155400,0.6848557112295056,175.06714300860017,-5.403016760518483,7.152299710443572,0.3722943306877953
2005-03-20 00:00:00+00:00,10.8,A,42868.038759938936,9.723447166043828,269.56238554669284,237.7685071403262,2.403081757925182,-5.633940639468927,411.3826589102015,1.9552380136373468,10155400,14.731430433171678,203.82389470029904,-7.156014495105069,4.143185929766105,0.2409924530448831
2005-03-21 00:00:00+00:00,13.1,A,43033.91184450616,6.278754136283374,393.18495349349695,243.15039383907944,4.35057594925752,-8.66541191688529,324.5461665063218,1.9189934038816665,10155400,3.361809571464377,167.01838012364374,-7.899694435131096,4.213840320292434,0.2763513752231217
2005-03-22 00:00:00+00:00,11.8,A,43199.8203125,7.480909394894396,408.5512379675061,249.52459389284263,4.957067666061497,-9.286517178913394,308.6101854580333,2.2003469455063414,10155400,4.554898189368889,210.6664915463401,-9.370147478324043,5.496888508628274,0.2979781821837728
2005-03-23 00:00:00+00:00,22.5,A,43365.72252560785,8.91477886424172,241.9222624411747,249.01086821280683,3.9296307790588982,-3.1999395394755474,487.5220343466629,2.132300086964171,10155400,15.703620278948636,205.46132894843583,-5.812983389009332,5.221707106761244,0.2601890896159193
2005-03-24 00:00:00+00:00,17.4,A,43531.60141530647,9.161585881624836,327.3776784476069,252.8093771430316,4.76859292194135,-5.266512606073418,421.044141868181,2.103845497142527,10155400,5.3491962380545575,218.30715681853712,-6.221471748418651,4.257463193874287,0.2707763894148587
2005-03-25 00:00:00+00:00,15.1,A,43697.42441529933,4.238763684712951,265.306615897213,255.8376018786821,0.5786588143531096,-6.595658302922739,380.0068987732626,1.97635048163991,10155400,3.148214382839745,217.04742055380743,-7.696287282392518,2.7616346035434276,0.2466213138052237
2005-03-26 00:00:00+00:00,12.9,A,43863.16896765381,5.217166380582194,475.23660379507953,261.0547240250838,4.2845241590653576,-11.402036063671057,256.9792497706669,2.20053370091097,10155400,4.505111321123487,263.79028274806853,-10.912216166997553,2.6178755471980253,0.2818616419715715
2005-03-27 00:00:00+00:00,11.9,A,44028.8047550679,2.958439175642279,586.7374324654678,264.01320422346384,10.328028159493025,-8.911780470086105,312.7882465620808,2.4972843914085696,10155400,0.0,233.1699991195745,-10.623168667121774,7.2184899255343,0.3796420128337649
2005-03-28 00:00:00+00:00,17.3,A,44194.3071338601,12.343582424315311,250.73497084588925,266.0366039971948,3.074815782291944,-3.903183598108495,463.3181379638609,2.682486013509625,10155400,8.779547817297892,201.44695861532767,-4.555597358292914,7.572715342782317,0.3812796890378324
2005-03-29 00:00:00+00:00,22.2,A,44359.65417224007,5.689346563057762,374.4716338062899,270.6320772142115,3.3599880597228737,-7.529923011798508,350.16572689181254,2.1010216490500397,10155400,6.716883723691892,238.891123244112,-8.132722957922454,2.843931573722273,0.244812098774479
2005-03-30 00:00:00+00:00,17.4,A,44524.809490904256,6.552714407052049,322.98644341526847,276.75476024950655,-1.1187822073946896,-9.815988455620284,295.50248846411387,1.717803658905679,10155400,7.948907354598741,198.57404025052497,-9.932607977543796,-0.6178336037267513,0.1938924671878025
2005-03-31 00:00:00+00:00,15.7,A,44689.742099916206,1.7806448266065211,549.4040951589699,278.535518262875,2.7096226937727157,-13.264821448142817,221.7816431134569,1.987936679862576,10155400,3.220387609968139,262.32228408752644,-11.960239452186443,1.347689247922915,0.2366633865385635
2005-04-01 00:00:00+00:00,12.9,A,44854.43303050889,3.601026862975372,590.925559010231,282.13638027092406,11.688244684933345,-10.391879796215404,277.5115600878888,2.442965764494959,10155400,1.4455018060549825,244.51494844344916,-11.15854035310224,6.862280448555111,0.4054334195816279
2005-04-02 00:00:00+00:00,11.5,A,45018.85560904554,1.6415092029935487,559.2683924355653,281.9209869909121,12.365302326876447,-4.895465953827531,423.8716701471876,3.293315271339204,10155400,0.0,237.63195013923772,-3.2283226758890464,10.481868407007369,0.602059294654751
2005-04-03 00:00:00+00:00,10.1,A,45182.97350709729,0.0,563.0608210615779,280.0304313734166,11.655480844668077,-1.3779342710623057,555.4508999323588,4.041769366823265,10155400,0.6827530866394449,255.30723738175743,0.27198034780946045,11.6771992419242,0.6682974603846639
2005-04-04 00:00:00+00:00,9.49,A,45346.76212988457,1.2066337068676434,469.76242999668347,279.5347381869475,6.451645351031853,-4.415488118294451,452.9153148480175,3.206292213872567,10155400,0.7816333033309032,238.40335171700235,-4.785785823986032,9.224833640305292,0.4442826350469085
2005-04-05 00:00:00+00:00,9.27,A,45510.18926555778,1.1472333143549636,570.2289031212681,280.6819940983059,6.494725719089404,-9.404682178756794,301.49444521487413,2.600250671517352,10155400,0.7630663058458624,280.528413815299,-7.772123145425496,4.4319392244813685,0.3283566315803563
2005-04-06 00:00:00+00:00,8.97,A,45673.225944605336,0.0,697.8079006252034,280.60815371466106,14.241196009911912,-6.343611299426577,375.3326298569865,3.2639164962814102,10155400,0.0,281.894400756529,-6.621060435033883,10.684815540719057,0.5719185448094525
2005-04-07 00:00:00+00:00,8.92,A,45835.84063472862,0.0,600.2090996053345,278.34732960072233,14.034910982420271,-0.4888613783158647,588.9300748543919,3.9217906967983462,10155400,0.0,256.0686951076109,0.26007207417973177,12.672959515168145,0.688599356679181
2005-04-08 00:00:00+00:00,9.07,A,45998.003501514,3.015456984989409,509.1929547449287,280.0469727603745,7.245937463657627,-5.724867040819957,412.5491768131525,3.2095152708950785,10155400,4.70899486636293,234.77286370551,-6.354472528014696,10.711511099163715,0.4651591971131101
2005-04-09 00:00:00+00:00,9.77,A,46159.68604958478,2.9709724471984984,413.8438701632979,281.9425288506654,4.401890376397925,-5.716208666861532,403.97416335590407,2.558781382462377,10155400,1.3573265885676151,251.7499976960712,-7.552730570985318,6.087799449967235,0.3293460867667257
2005-04-10 00:00:00+00:00,8.82,A,46320.85524435353,0.0,514.5353681651225,281.62970646947434,4.564495065293922,-5.9298686910952405,396.0437515643413,2.698921086558497,10155400,1.3554765840606744,255.83178129089188,-6.749734210739803,5.645158615240064,0.3494407310151798
2005-04-11 00:00:00+00:00,8.82,A,46481.47097559444,0.0005754964075290782,664.6560147887951,281.57874215227224,7.788665920687349,-8.25786435090577,313.6993748340434,2.873149454839254,10155400,0.0,274.8648590833143,-7.972844353545838,7.593130532532541,0.4169604225343583
